chr,strand,geneSymbol,GeneID,Event,Algorithm,FDR,PValue,dPSI,M,PSI_1,PSI_2,Event_info,Annotation_leafcutter,Cutoff_dPSI,Event_type,Junc_coords,PdPSI
chr4,-,MANBA,ENSG00000109323.11,A3SS,rmats,0.0053565606476,1.90851329487e-05,-0.487,73.3333333333333,0.513333333333333,1,longExonStart_0base:102664684|longExonEnd:102669049|shortES:102664684|shortEE:102664852|flankingES:102671280|flankingEE:102671398|IJC_SAMPLE_1:85;63;72|SJC_SAMPLE_1:2;1;2|IJC_SAMPLE_2:81;71;51|SJC_SAMPLE_2:0;0;0|IncFormLen:4296|SkipFormLen:99|PSI_1_persub:0.495;0.592;0.453|PSI_2_persub:1.0;1.0;1.0,,NA,,,NA
chr12,+,RAB3IP,ENSG00000127328.21,A3SS,rmats,0,0,0.605,270,0.869666666666667,0.265,longExonStart_0base:69812777|longExonEnd:69813033|shortES:69812963|shortEE:69813033|flankingES:69801608|flankingEE:69801721|IJC_SAMPLE_1:306;239;265|SJC_SAMPLE_1:18;9;16|IJC_SAMPLE_2:205;127;165|SJC_SAMPLE_2:187;124;166|IncFormLen:285|SkipFormLen:99|PSI_1_persub:0.855;0.902;0.852|PSI_2_persub:0.276;0.262;0.257,,NA,,,NA
chr4,+,STIM2,ENSG00000109689.17,A3SS,rmats,0.0153275478773,0.000101940936001,-0.398,85.6666666666667,0.325333333333333,0.723333333333333,longExonStart_0base:27019399|longExonEnd:27021068|shortES:27021000|shortEE:27021068|flankingES:27017710|flankingEE:27017984|IJC_SAMPLE_1:68;66;40|SJC_SAMPLE_1:9;6;6|IJC_SAMPLE_2:98;74;85|SJC_SAMPLE_2:3;2;1|IncFormLen:1700|SkipFormLen:99|PSI_1_persub:0.306;0.39;0.28|PSI_2_persub:0.655;0.683;0.832,,NA,,,NA
chr20,-,ELMO2,ENSG00000062598.18,A3SS,rmats,0,0,0.326,235.666666666667,0.823,0.497,longExonStart_0base:46394404|longExonEnd:46394532|shortES:46394404|shortEE:46394503|flankingES:46398696|flankingEE:46398771|IJC_SAMPLE_1:268;252;187|SJC_SAMPLE_1:56;31;32|IJC_SAMPLE_2:170;111;142|SJC_SAMPLE_2:121;97;110|IncFormLen:128|SkipFormLen:99|PSI_1_persub:0.787;0.863;0.819|PSI_2_persub:0.521;0.47;0.5,,NA,,,NA
chr5,-,CLK4,ENSG00000113240.13,A5SS,rmats,0.00453737970594,2.84160821518e-05,-0.405,107,0.328333333333333,0.733333333333333,longExonStart_0base:178617343|longExonEnd:178618778|shortES:178618555|shortEE:178618778|flankingES:178616881|flankingEE:178616948|IJC_SAMPLE_1:48;62;55|SJC_SAMPLE_1:12;11;5|IJC_SAMPLE_2:124;88;109|SJC_SAMPLE_2:2;5;2|IncFormLen:1311|SkipFormLen:99|PSI_1_persub:0.232;0.299;0.454|PSI_2_persub:0.824;0.571;0.805,,NA,,,NA
chr16,-,CLN3,ENSG00000188603.20,A5SS,rmats,0,0,-0.353,237.666666666667,0.569333333333333,0.922333333333333,longExonStart_0base:28491481|longExonEnd:28491835|shortES:28491713|shortEE:28491835|flankingES:28489289|flankingEE:28489386|IJC_SAMPLE_1:236;186;171|SJC_SAMPLE_1:46;47;40|IJC_SAMPLE_2:244;245;224|SJC_SAMPLE_2:13;3;3|IncFormLen:331|SkipFormLen:99|PSI_1_persub:0.605;0.542;0.561|PSI_2_persub:0.849;0.961;0.957,,NA,,,NA
chr9,-,DENND1A,ENSG00000119522.16,MXE,rmats,0,0,-0.356,180.333333333333,0.482333333333333,0.838,1stExonStart_0base:123454738|1stExonEnd:123454779|2ndExonStart_0base:123457347|2ndExonEnd:123457435|upstreamES:123452275|upstreamEE:123452347|downstreamES:123457792|downstreamEE:123457897|IJC_SAMPLE_1:189;205;147|SJC_SAMPLE_1:162;140;130|IJC_SAMPLE_2:223;109;143|SJC_SAMPLE_2:23;25;16|IncFormLen:187|SkipFormLen:140|PSI_1_persub:0.466;0.523;0.458|PSI_2_persub:0.879;0.765;0.87,,NA,,,NA
chr7,+,ABCB8,ENSG00000197150.12,MXE,rmats,0.00118877141195,2.69163134681e-06,-0.519,53,0.424333333333333,0.943333333333333,1stExonStart_0base:151031240|1stExonEnd:151031291|2ndExonStart_0base:151032843|2ndExonEnd:151033061|upstreamES:151028449|upstreamEE:151028610|downstreamES:151034504|downstreamEE:151034599|IJC_SAMPLE_1:1;1;2|SJC_SAMPLE_1:4;3;4|IJC_SAMPLE_2:64;43;52|SJC_SAMPLE_2:3;7;9|IncFormLen:150|SkipFormLen:317|PSI_1_persub:0.346;0.413;0.514|PSI_2_persub:0.978;0.928;0.924,,NA,,,NA
chr1,-,KCNT2,ENSG00000162687.18,MXE,rmats,5.97687675341e-05,8.78619021982e-08,0.319,64.6666666666667,0.486666666666667,0.167666666666667,1stExonStart_0base:196342078|1stExonEnd:196342228|2ndExonStart_0base:196373139|2ndExonEnd:196373248|upstreamES:196340340|upstreamEE:196340570|downstreamES:196398562|downstreamEE:196398671|IJC_SAMPLE_1:55;49;49|SJC_SAMPLE_1:63;73;58|IJC_SAMPLE_2:3;2;4|SJC_SAMPLE_2:32;8;23|IncFormLen:208|SkipFormLen:249|PSI_1_persub:0.511;0.446;0.503|PSI_2_persub:0.101;0.23;0.172,,NA,,,NA
chr12,+,RAB3IP,ENSG00000127328.21,MXE,rmats,0,0,-0.446,193.333333333333,0.113,0.559,1stExonStart_0base:69801608|1stExonEnd:69801721|2ndExonStart_0base:69812777|2ndExonEnd:69812877|upstreamES:69795140|upstreamEE:69795344|downstreamES:69812963|downstreamEE:69813033|IJC_SAMPLE_1:28;25;25|SJC_SAMPLE_1:218;196;166|IJC_SAMPLE_2:198;137;178|SJC_SAMPLE_2:162;104;116|IncFormLen:212|SkipFormLen:199|PSI_1_persub:0.108;0.107;0.124|PSI_2_persub:0.534;0.553;0.59,,NA,,,NA
chr1,-,FAAP20,ENSG00000162585.17,MXE,rmats,0,0,-0.33,175.666666666667,0.146,0.476,1stExonStart_0base:2189712|1stExonEnd:2189781|2ndExonStart_0base:2192844|2ndExonEnd:2192975|upstreamES:2186837|upstreamEE:2187206|downstreamES:2193638|downstreamEE:2193910|IJC_SAMPLE_1:40;41;42|SJC_SAMPLE_1:190;176;161|IJC_SAMPLE_2:191;150;186|SJC_SAMPLE_2:172;120;134|IncFormLen:230|SkipFormLen:168|PSI_1_persub:0.133;0.145;0.16|PSI_2_persub:0.448;0.477;0.503,,NA,,,NA
chr14,-,STRN3,ENSG00000196792.12,MXE,rmats,0,0,-0.314,356.666666666667,0.207333333333333,0.521333333333333,1stExonStart_0base:30913523|1stExonEnd:30913657|2ndExonStart_0base:30929200|2ndExonEnd:30929311|upstreamES:30912006|upstreamEE:30912182|downstreamES:30935162|downstreamEE:30935304|IJC_SAMPLE_1:105;64;82|SJC_SAMPLE_1:359;356;340|IJC_SAMPLE_2:406;319;326|SJC_SAMPLE_2:390;309;371|IncFormLen:210|SkipFormLen:233|PSI_1_persub:0.245;0.166;0.211|PSI_2_persub:0.536;0.534;0.494,,NA,,,NA
chr16,+,LYRM1,ENSG00000102897.10,MXE,rmats,0,0,0.401,160.333333333333,0.898333333333333,0.497,1stExonStart_0base:20902485|1stExonEnd:20902717|2ndExonStart_0base:20911182|2ndExonEnd:20911264|upstreamES:20900449|upstreamEE:20900535|downstreamES:20915555|downstreamEE:20915714|IJC_SAMPLE_1:71;58;58|SJC_SAMPLE_1:6;4;2|IJC_SAMPLE_2:193;140;148|SJC_SAMPLE_2:100;75;90|IncFormLen:331|SkipFormLen:181|PSI_1_persub:0.866;0.888;0.941|PSI_2_persub:0.513;0.505;0.473,,NA,,,NA
chr19,+,LIN37,ENSG00000267796.8,RI,rmats,0.00149627770238,6.59566074712e-06,-0.45,52,0.450666666666667,0.901,riExonStart_0base:35753086|riExonEnd:35754157|upstreamES:35753086|upstreamEE:35753193|downstreamES:35754016|downstreamEE:35754157|IJC_SAMPLE_1:53;37;66|SJC_SAMPLE_1:7;7;6|IJC_SAMPLE_2:44;33;38|SJC_SAMPLE_2:2;0;0|IncFormLen:922|SkipFormLen:99|PSI_1_persub:0.448;0.362;0.542|PSI_2_persub:0.703;1.0;1.0,,NA,,,NA
chr8,-,PDE7A,ENSG00000205268.11,SE,rmats,0,0,-0.835,224.666666666667,0.00966666666666667,0.844666666666667,exonStart_0base:65780843|exonEnd:65780947|upstreamES:65779719|upstreamEE:65779803|downstreamES:65782782|downstreamEE:65782843|IJC_SAMPLE_1:4;1;2|SJC_SAMPLE_1:130;124;96|IJC_SAMPLE_2:274;175;225|SJC_SAMPLE_2:28;13;21|IncFormLen:203|SkipFormLen:99|PSI_1_persub:0.015;0.004;0.01|PSI_2_persub:0.827;0.868;0.839,,NA,,,NA
chr14,-,POMT2,ENSG00000009830.11,SE,rmats,0,0,-0.878,167,0.00766666666666667,0.886,exonStart_0base:77287232|exonEnd:77287271|upstreamES:77286747|upstreamEE:77286822|downstreamES:77288761|downstreamEE:77288831|IJC_SAMPLE_1:1;2;2|SJC_SAMPLE_1:199;144;156|IJC_SAMPLE_2:224;151;126|SJC_SAMPLE_2:15;7;22|IncFormLen:138|SkipFormLen:99|PSI_1_persub:0.004;0.01;0.009|PSI_2_persub:0.915;0.939;0.804,,NA,,,NA
chr4,+,WDR17,ENSG00000150627.15,SE,rmats,0,0,-0.564,87.3333333333333,0.380333333333333,0.944,exonStart_0base:176096462|exonEnd:176096585|upstreamES:176065980|upstreamEE:176066079|downstreamES:176111574|downstreamEE:176111703|IJC_SAMPLE_1:26;15;14|SJC_SAMPLE_1:19;11;10|IJC_SAMPLE_2:97;81;84|SJC_SAMPLE_2:3;3;1|IncFormLen:222|SkipFormLen:99|PSI_1_persub:0.379;0.378;0.384|PSI_2_persub:0.935;0.923;0.974,,NA,,,NA
chr15,-,DENND4A,ENSG00000174485.15,SE,rmats,0,0,-0.373,103.666666666667,0.0506666666666667,0.424,exonStart_0base:65665198|exonEnd:65665225|upstreamES:65664559|upstreamEE:65664722|downstreamES:65665344|downstreamEE:65665462|IJC_SAMPLE_1:8;2;10|SJC_SAMPLE_1:107;118;86|IJC_SAMPLE_2:68;44;79|SJC_SAMPLE_2:91;62;52|IncFormLen:126|SkipFormLen:99|PSI_1_persub:0.055;0.013;0.084|PSI_2_persub:0.37;0.358;0.544,,NA,,,NA
chr19,-,ZNF266,ENSG00000174652.19,SE,rmats,0.00276885328356,1.0958354796e-05,-0.302,74.3333333333333,0.458,0.759666666666667,exonStart_0base:9434064|exonEnd:9434235|upstreamES:9420064|upstreamEE:9420218|downstreamES:9434797|downstreamEE:9434859|IJC_SAMPLE_1:58;51;37|SJC_SAMPLE_1:28;20;16|IJC_SAMPLE_2:96;47;80|SJC_SAMPLE_2:8;11;5|IncFormLen:270|SkipFormLen:99|PSI_1_persub:0.432;0.483;0.459|PSI_2_persub:0.815;0.61;0.854,,NA,,,NA
chr7,+,ABCB8,ENSG00000197150.12,SE,rmats,0,0,-0.852,157.666666666667,0.0183333333333333,0.870666666666667,exonStart_0base:151031240|exonEnd:151031291|upstreamES:151028449|upstreamEE:151028610|downstreamES:151033604|downstreamEE:151033917|IJC_SAMPLE_1:1;2;5|SJC_SAMPLE_1:103;108;85|IJC_SAMPLE_2:178;141;154|SJC_SAMPLE_2:24;10;14|IncFormLen:150|SkipFormLen:99|PSI_1_persub:0.006;0.012;0.037|PSI_2_persub:0.83;0.903;0.879,,NA,,,NA
chr7,+,ABCB8,ENSG00000197150.12,SE,rmats,0.00188122234665,6.74236847653e-06,-0.745,73,0.248333333333333,0.993666666666667,exonStart_0base:151031240|exonEnd:151031291|upstreamES:151028656|upstreamEE:151028911|downstreamES:151033604|downstreamEE:151033917|IJC_SAMPLE_1:1;0;3|SJC_SAMPLE_1:2;1;2|IJC_SAMPLE_2:82;78;59|SJC_SAMPLE_2:0;1;0|IncFormLen:150|SkipFormLen:99|PSI_1_persub:0.248;0.0;0.497|PSI_2_persub:1.0;0.981;1.0,,NA,,,NA
chr8,-,TAF2,ENSG00000064313.12,SE,rmats,0,0,-0.655,415,0.023,0.678333333333333,exonStart_0base:119744880|exonEnd:119745036|upstreamES:119744287|upstreamEE:119744393|downstreamES:119746704|downstreamEE:119746934|IJC_SAMPLE_1:10;22;10|SJC_SAMPLE_1:261;234;196|IJC_SAMPLE_2:517;343;385|SJC_SAMPLE_2:110;64;60|IncFormLen:255|SkipFormLen:99|PSI_1_persub:0.015;0.035;0.019|PSI_2_persub:0.646;0.675;0.714,,NA,,,NA
chr20,+,DLGAP4,ENSG00000080845.17,SE,rmats,0,0,-0.537,1078.33333333333,0.0193333333333333,0.556,exonStart_0base:36499241|exonEnd:36499321|upstreamES:36496704|upstreamEE:36497066|downstreamES:36499587|downstreamEE:36499676|IJC_SAMPLE_1:40;33;41|SJC_SAMPLE_1:1142;1025;1003|IJC_SAMPLE_2:1353;941;941|SJC_SAMPLE_2:589;398;442|IncFormLen:179|SkipFormLen:99|PSI_1_persub:0.019;0.017;0.022|PSI_2_persub:0.56;0.567;0.541,,NA,,,NA
chr20,+,DLGAP4,ENSG00000080845.17,SE,rmats,0,0,-0.772,564,0.219,0.991,exonStart_0base:36499241|exonEnd:36499321|upstreamES:36496704|upstreamEE:36497066|downstreamES:36500198|downstreamEE:36500611|IJC_SAMPLE_1:22;18;19|SJC_SAMPLE_1:43;29;48|IJC_SAMPLE_2:724;483;485|SJC_SAMPLE_2:5;4;0|IncFormLen:179|SkipFormLen:99|PSI_1_persub:0.221;0.256;0.18|PSI_2_persub:0.988;0.985;1.0,,NA,,,NA
chr13,-,MYCBP2,ENSG00000005810.18,SE,rmats,0,0,-0.373,128.666666666667,0.359666666666667,0.732666666666667,exonStart_0base:77103208|exonEnd:77103310|upstreamES:77098775|upstreamEE:77099013|downstreamES:77121372|downstreamEE:77121495|IJC_SAMPLE_1:133;102;138|SJC_SAMPLE_1:111;95;120|IJC_SAMPLE_2:138;113;135|SJC_SAMPLE_2:23;27;19|IncFormLen:201|SkipFormLen:99|PSI_1_persub:0.371;0.346;0.362|PSI_2_persub:0.747;0.673;0.778,,NA,,,NA
chrX,+,KDM6A,ENSG00000147050.15,SE,rmats,0,0,-0.514,86.3333333333333,0.002,0.515666666666667,exonStart_0base:45106541|exonEnd:45106649|upstreamES:45090816|upstreamEE:45090864|downstreamES:45107409|downstreamEE:45107536|IJC_SAMPLE_1:0;0;1|SJC_SAMPLE_1:70;80;78|IJC_SAMPLE_2:82;87;90|SJC_SAMPLE_2:33;43;41|IncFormLen:207|SkipFormLen:99|PSI_1_persub:0.0;0.0;0.006|PSI_2_persub:0.543;0.492;0.512,,NA,,,NA
chr5,-,SKP1,ENSG00000113558.19,SE,rmats,0,0,-0.408,295.666666666667,0.526,0.933666666666667,exonStart_0base:134174461|exonEnd:134174514|upstreamES:134173925|upstreamEE:134174022|downstreamES:134176685|downstreamEE:134176950|IJC_SAMPLE_1:30;44;34|SJC_SAMPLE_1:23;17;23|IJC_SAMPLE_2:334;285;268|SJC_SAMPLE_2:14;14;13|IncFormLen:152|SkipFormLen:99|PSI_1_persub:0.459;0.628;0.491|PSI_2_persub:0.94;0.93;0.931,,NA,,,NA
chr4,+,LARP7,ENSG00000174720.16,SE,rmats,0,0,-0.836,201.666666666667,0.0193333333333333,0.855333333333333,exonStart_0base:112637643|exonEnd:112637787|upstreamES:112637125|upstreamEE:112637239|downstreamES:112644667|downstreamEE:112644871|IJC_SAMPLE_1:5;2;10|SJC_SAMPLE_1:143;131;103|IJC_SAMPLE_2:264;160;181|SJC_SAMPLE_2:16;12;13|IncFormLen:243|SkipFormLen:99|PSI_1_persub:0.014;0.006;0.038|PSI_2_persub:0.871;0.845;0.85,,NA,,,NA
chr4,+,LARP7,ENSG00000174720.16,SE,rmats,0,0,-0.497,125.666666666667,0.0263333333333333,0.523,exonStart_0base:112638617|exonEnd:112638673|upstreamES:112637192|upstreamEE:112637239|downstreamES:112644667|downstreamEE:112644871|IJC_SAMPLE_1:11;3;3|SJC_SAMPLE_1:143;131;103|IJC_SAMPLE_2:22;23;25|SJC_SAMPLE_2:16;12;13|IncFormLen:155|SkipFormLen:99|PSI_1_persub:0.047;0.014;0.018|PSI_2_persub:0.468;0.55;0.551,,NA,,,NA
chr13,-,CRYL1,ENSG00000165475.15,SE,rmats,1.36298335403e-12,1.22124532709e-15,-0.324,72.3333333333333,0.00133333333333333,0.325,exonStart_0base:20405903|exonEnd:20406128|upstreamES:20404634|upstreamEE:20404741|downstreamES:20413281|downstreamEE:20413387|IJC_SAMPLE_1:0;0;1|SJC_SAMPLE_1:82;56;79|IJC_SAMPLE_2:9;4;6|SJC_SAMPLE_2:7;2;4|IncFormLen:324|SkipFormLen:99|PSI_1_persub:0.0;0.0;0.004|PSI_2_persub:0.282;0.379;0.314,,NA,,,NA
chr12,+,RAB3IP,ENSG00000127328.21,SE,rmats,0,0,0.473,456.333333333333,0.941333333333333,0.468333333333333,exonStart_0base:69812777|exonEnd:69812877|upstreamES:69801608|upstreamEE:69801721|downstreamES:69812963|downstreamEE:69813033|IJC_SAMPLE_1:511;432;426|SJC_SAMPLE_1:18;9;16|IJC_SAMPLE_2:355;221;272|SJC_SAMPLE_2:187;124;166|IncFormLen:199|SkipFormLen:99|PSI_1_persub:0.934;0.96;0.93|PSI_2_persub:0.486;0.47;0.449,,NA,,,NA
chr9,+,ZNF618,ENSG00000157657.14,SE,rmats,0,0,-0.338,214.666666666667,0.185333333333333,0.523666666666667,exonStart_0base:114035190|exonEnd:114035235|upstreamES:114032644|upstreamEE:114032728|downstreamES:114036299|downstreamEE:114036377|IJC_SAMPLE_1:95;62;58|SJC_SAMPLE_1:216;205;223|IJC_SAMPLE_2:208;190;232|SJC_SAMPLE_2:136;140;118|IncFormLen:144|SkipFormLen:99|PSI_1_persub:0.232;0.172;0.152|PSI_2_persub:0.513;0.483;0.575,,NA,,,NA
chrX,-,HDX,ENSG00000165259.14,SE,rmats,9.93766617062e-12,9.54791801178e-15,0.799,51.3333333333333,0.885333333333333,0.0863333333333333,exonStart_0base:84488023|exonEnd:84488132|upstreamES:84475250|upstreamEE:84475397|downstreamES:84501428|downstreamEE:84501511|IJC_SAMPLE_1:12;9;11|SJC_SAMPLE_1:3;0;0|IJC_SAMPLE_2:11;10;8|SJC_SAMPLE_2:72;38;44|IncFormLen:208|SkipFormLen:99|PSI_1_persub:0.656;1.0;1.0|PSI_2_persub:0.068;0.111;0.08,,NA,,,NA
chrX,-,HDX,ENSG00000165259.14,SE,rmats,0,0,-0.908,97,0.019,0.927,exonStart_0base:84501428|exonEnd:84501511|upstreamES:84468927|upstreamEE:84469575|downstreamES:84502341|downstreamEE:84502453|IJC_SAMPLE_1:0;2;0|SJC_SAMPLE_1:12;18;21|IJC_SAMPLE_2:116;78;97|SJC_SAMPLE_2:4;5;3|IncFormLen:182|SkipFormLen:99|PSI_1_persub:0.0;0.057;0.0|PSI_2_persub:0.94;0.895;0.946,,NA,,,NA
chrX,-,HDX,ENSG00000165259.14,SE,rmats,0,0,-0.77,141.666666666667,0.02,0.790333333333333,exonStart_0base:84501428|exonEnd:84501511|upstreamES:84475250|upstreamEE:84475397|downstreamES:84502341|downstreamEE:84502453|IJC_SAMPLE_1:3;2;0|SJC_SAMPLE_1:58;32;66|IJC_SAMPLE_2:179;107;139|SJC_SAMPLE_2:23;15;23|IncFormLen:182|SkipFormLen:99|PSI_1_persub:0.027;0.033;0.0|PSI_2_persub:0.809;0.795;0.767,,NA,,,NA
chrX,-,HDX,ENSG00000165259.14,SE,rmats,0,0,-0.901,93.3333333333333,0.072,0.973,exonStart_0base:84501428|exonEnd:84501511|upstreamES:84488023|upstreamEE:84488132|downstreamES:84502341|downstreamEE:84502453|IJC_SAMPLE_1:1;2;0|SJC_SAMPLE_1:14;5;11|IJC_SAMPLE_2:113;71;96|SJC_SAMPLE_2:2;2;0|IncFormLen:182|SkipFormLen:99|PSI_1_persub:0.037;0.179;0.0|PSI_2_persub:0.968;0.951;1.0,,NA,,,NA
chr16,-,AXIN1,ENSG00000103126.15,SE,rmats,0,0,-0.667,153.666666666667,0.141666666666667,0.809,exonStart_0base:291189|exonEnd:291297|upstreamES:289439|upstreamEE:289607|downstreamES:293487|downstreamEE:293718|IJC_SAMPLE_1:25;21;35|SJC_SAMPLE_1:84;75;75|IJC_SAMPLE_2:178;126;157|SJC_SAMPLE_2:21;15;16|IncFormLen:207|SkipFormLen:99|PSI_1_persub:0.125;0.118;0.182|PSI_2_persub:0.802;0.801;0.824,,NA,,,NA
chr5,-,ARL15,ENSG00000185305.11,SE,rmats,1.22997009951e-05,2.24396216053e-08,-0.502,65.6666666666667,0.498333333333333,1,exonStart_0base:54307887|exonEnd:54307946|upstreamES:54113201|upstreamEE:54113410|downstreamES:54310431|downstreamEE:54310582|IJC_SAMPLE_1:3;4;6|SJC_SAMPLE_1:0;10;9|IJC_SAMPLE_2:86;64;47|SJC_SAMPLE_2:0;0;0|IncFormLen:158|SkipFormLen:99|PSI_1_persub:1.0;0.2;0.295|PSI_2_persub:1.0;1.0;1.0,,NA,,,NA
chr5,-,ARL15,ENSG00000185305.11,SE,rmats,0.000488507599274,1.36585739652e-06,-0.37,64.3333333333333,0.63,1,exonStart_0base:54307887|exonEnd:54307946|upstreamES:54154579|upstreamEE:54154639|downstreamES:54310431|downstreamEE:54310582|IJC_SAMPLE_1:3;4;8|SJC_SAMPLE_1:0;7;3|IJC_SAMPLE_2:80;68;45|SJC_SAMPLE_2:0;0;0|IncFormLen:158|SkipFormLen:99|PSI_1_persub:1.0;0.264;0.626|PSI_2_persub:1.0;1.0;1.0,,NA,,,NA
chr5,-,ARL15,ENSG00000185305.11,SE,rmats,8.62071416112e-06,1.47483728563e-08,-0.722,77.6666666666667,0.238333333333333,0.960666666666667,exonStart_0base:54307887|exonEnd:54307946|upstreamES:54171783|upstreamEE:54171928|downstreamES:54310294|downstreamEE:54310415|IJC_SAMPLE_1:0;0;4|SJC_SAMPLE_1:2;7;1|IJC_SAMPLE_2:78;75;80|SJC_SAMPLE_2:2;2;2|IncFormLen:158|SkipFormLen:99|PSI_1_persub:0.0;0.0;0.715|PSI_2_persub:0.961;0.959;0.962,,NA,,,NA
chr5,-,ARL15,ENSG00000185305.11,SE,rmats,0,0,-0.812,138.666666666667,0.0416666666666667,0.853333333333333,exonStart_0base:54307887|exonEnd:54307946|upstreamES:54171783|upstreamEE:54171928|downstreamES:54310431|downstreamEE:54310582|IJC_SAMPLE_1:3;4;11|SJC_SAMPLE_1:103;112;74|IJC_SAMPLE_2:155;136;125|SJC_SAMPLE_2:18;12;15|IncFormLen:158|SkipFormLen:99|PSI_1_persub:0.018;0.022;0.085|PSI_2_persub:0.844;0.877;0.839,,NA,,,NA
chr1,-,FAAP20,ENSG00000162585.17,SE,rmats,0,0,-0.375,176.666666666667,0.213333333333333,0.588,exonStart_0base:2192844|exonEnd:2192975|upstreamES:2184477|upstreamEE:2185513|downstreamES:2193638|downstreamEE:2193910|IJC_SAMPLE_1:40;41;42|SJC_SAMPLE_1:67;61;67|IJC_SAMPLE_2:194;151;185|SJC_SAMPLE_2:73;46;44|IncFormLen:230|SkipFormLen:99|PSI_1_persub:0.204;0.224;0.212|PSI_2_persub:0.534;0.586;0.644,,NA,,,NA
chr1,-,FAAP20,ENSG00000162585.17,SE,rmats,0,0,-0.303,283.666666666667,0.077,0.379666666666667,exonStart_0base:2192844|exonEnd:2192975|upstreamES:2189712|upstreamEE:2189781|downstreamES:2193638|downstreamEE:2193910|IJC_SAMPLE_1:54;56;54|SJC_SAMPLE_1:299;300;251|IJC_SAMPLE_2:303;246;302|SJC_SAMPLE_2:249;171;185|IncFormLen:230|SkipFormLen:99|PSI_1_persub:0.072;0.074;0.085|PSI_2_persub:0.344;0.382;0.413,,NA,,,NA
chr2,-,EXOC6B,ENSG00000144036.16,SE,rmats,0,0,-0.32,244.333333333333,0.0493333333333333,0.369666666666667,exonStart_0base:72182893|exonEnd:72182905|upstreamES:72179308|upstreamEE:72179461|downstreamES:72184074|downstreamEE:72184187|IJC_SAMPLE_1:16;17;10|SJC_SAMPLE_1:285;236;212|IJC_SAMPLE_2:108;96;122|SJC_SAMPLE_2:193;152;153|IncFormLen:111|SkipFormLen:99|PSI_1_persub:0.048;0.06;0.04|PSI_2_persub:0.333;0.36;0.416,,NA,,,NA
chr14,-,STRN3,ENSG00000196792.12,SE,rmats,0,0,-0.624,127.666666666667,0.0626666666666667,0.687,exonStart_0base:30918965|exonEnd:30919106|upstreamES:30913523|upstreamEE:30913657|downstreamES:30935162|downstreamEE:30935304|IJC_SAMPLE_1:14;22;27|SJC_SAMPLE_1:117;130;136|IJC_SAMPLE_2:83;48;76|SJC_SAMPLE_2:15;11;12|IncFormLen:240|SkipFormLen:99|PSI_1_persub:0.047;0.065;0.076|PSI_2_persub:0.695;0.643;0.723,,NA,,,NA
chr14,-,STRN3,ENSG00000196792.12,SE,rmats,0,0,-0.631,585,0.325333333333333,0.956,exonStart_0base:30929200|exonEnd:30929311|upstreamES:30913523|upstreamEE:30913657|downstreamES:30935162|downstreamEE:30935304|IJC_SAMPLE_1:166;106;122|SJC_SAMPLE_1:117;130;136|IJC_SAMPLE_2:667;523;565|SJC_SAMPLE_2:15;11;12|IncFormLen:210|SkipFormLen:99|PSI_1_persub:0.401;0.278;0.297|PSI_2_persub:0.954;0.957;0.957,,NA,,,NA
chr12,+,CACNA1C,ENSG00000151067.22,SE,rmats,0,0,-0.532,52,0.0686666666666667,0.600666666666667,exonStart_0base:2680362|exonEnd:2680575|upstreamES:2679443|upstreamEE:2679796|downstreamES:2682549|downstreamEE:2682678|IJC_SAMPLE_1:13;6;7|SJC_SAMPLE_1:44;45;26|IJC_SAMPLE_2:63;45;48|SJC_SAMPLE_2:12;6;17|IncFormLen:312|SkipFormLen:99|PSI_1_persub:0.086;0.041;0.079|PSI_2_persub:0.625;0.704;0.473,,NA,,,NA
chr3,-,RAF1,ENSG00000132155.12,SE,rmats,0,0,-0.602,702.666666666667,0.0176666666666667,0.619333333333333,exonStart_0base:12603477|exonEnd:12603537|upstreamES:12600387|upstreamEE:12600415|downstreamES:12604135|downstreamEE:12604289|IJC_SAMPLE_1:22;21;18|SJC_SAMPLE_1:737;705;666|IJC_SAMPLE_2:788;589;627|SJC_SAMPLE_2:287;236;240|IncFormLen:159|SkipFormLen:99|PSI_1_persub:0.018;0.018;0.017|PSI_2_persub:0.631;0.608;0.619,,NA,,,NA
chr1,+,LRRC42,ENSG00000116212.15,SE,rmats,0,0,-0.664,288.666666666667,0.228666666666667,0.892333333333333,exonStart_0base:53947861|exonEnd:53947981|upstreamES:53946357|upstreamEE:53946549|downstreamES:53951985|downstreamEE:53952472|IJC_SAMPLE_1:56;32;53|SJC_SAMPLE_1:100;40;86|IJC_SAMPLE_2:293;264;309|SJC_SAMPLE_2:24;12;12|IncFormLen:219|SkipFormLen:99|PSI_1_persub:0.202;0.266;0.218|PSI_2_persub:0.847;0.909;0.921,,NA,,,NA
chr17,-,TRIM65,ENSG00000141569.12,SE,rmats,1.37124385921e-13,1.11022302463e-16,-0.377,50,0.623333333333333,1,exonStart_0base:75891812|exonEnd:75891878|upstreamES:75888962|upstreamEE:75891347|downstreamES:75892010|downstreamEE:75892185|IJC_SAMPLE_1:53;40;31|SJC_SAMPLE_1:19;10;16|IJC_SAMPLE_2:72;41;37|SJC_SAMPLE_2:0;0;0|IncFormLen:165|SkipFormLen:99|PSI_1_persub:0.626;0.706;0.538|PSI_2_persub:1.0;1.0;1.0,,NA,,,NA
chr16,-,AC138894.1,ENSG00000261832.6,SE,rmats,0,0,-0.392,89.3333333333333,0.522666666666667,0.915,exonStart_0base:28491481|exonEnd:28491513|upstreamES:28489289|upstreamEE:28489386|downstreamES:28491713|downstreamEE:28491835|IJC_SAMPLE_1:75;65;54|SJC_SAMPLE_1:46;47;40|IJC_SAMPLE_2:83;101;84|SJC_SAMPLE_2:13;3;3|IncFormLen:131|SkipFormLen:99|PSI_1_persub:0.552;0.511;0.505|PSI_2_persub:0.828;0.962;0.955,,NA,,,NA
chr16,+,LYRM1,ENSG00000102897.10,SE,rmats,9.46567086175e-08,1.23643428829e-10,-0.339,160.333333333333,0.423666666666667,0.763,exonStart_0base:20902485|exonEnd:20902717|upstreamES:20900449|upstreamEE:20900535|downstreamES:20915555|downstreamEE:20915714|IJC_SAMPLE_1:71;58;58|SJC_SAMPLE_1:28;23;25|IJC_SAMPLE_2:193;140;148|SJC_SAMPLE_2:24;9;14|IncFormLen:331|SkipFormLen:99|PSI_1_persub:0.431;0.43;0.41|PSI_2_persub:0.706;0.823;0.76,,NA,,,NA
chr16,+,LYRM1,ENSG00000102897.10,SE,rmats,0,0,-0.687,88.3333333333333,0.078,0.764666666666667,exonStart_0base:20911182|exonEnd:20911264|upstreamES:20900449|upstreamEE:20900535|downstreamES:20915555|downstreamEE:20915714|IJC_SAMPLE_1:6;4;2|SJC_SAMPLE_1:28;23;25|IJC_SAMPLE_2:100;75;90|SJC_SAMPLE_2:24;9;14|IncFormLen:181|SkipFormLen:99|PSI_1_persub:0.105;0.087;0.042|PSI_2_persub:0.695;0.82;0.779,,NA,,,NA
chr16,+,LYRM1,ENSG00000102897.10,SE,rmats,2.67125427117e-13,2.22044604925e-16,-0.434,118.666666666667,0.118,0.552,exonStart_0base:20911182|exonEnd:20911264|upstreamES:20902485|upstreamEE:20902717|downstreamES:20915555|downstreamEE:20915714|IJC_SAMPLE_1:6;4;5|SJC_SAMPLE_1:26;15;21|IJC_SAMPLE_2:131;109;116|SJC_SAMPLE_2:68;40;53|IncFormLen:181|SkipFormLen:99|PSI_1_persub:0.112;0.127;0.115|PSI_2_persub:0.513;0.598;0.545,,NA,,,NA
chr4,+,LIMCH1,ENSG00000064042.18,SE,rmats,0,0,-0.847,118,0.129666666666667,0.977,exonStart_0base:41638931|exonEnd:41638967|upstreamES:41619187|upstreamEE:41619440|downstreamES:41644499|downstreamEE:41644626|IJC_SAMPLE_1:17;11;12|SJC_SAMPLE_1:66;68;62|IJC_SAMPLE_2:127;117;110|SJC_SAMPLE_2:2;1;3|IncFormLen:135|SkipFormLen:99|PSI_1_persub:0.159;0.106;0.124|PSI_2_persub:0.979;0.988;0.964,,NA,,,NA
chr13,+,NUP58,ENSG00000139496.16,SE,rmats,4.310364431e-08,5.44420064585e-11,0.753,75.6666666666667,0.840666666666667,0.0876666666666667,exonStart_0base:25302926|exonEnd:25303008|upstreamES:25301555|upstreamEE:25301880|downstreamES:25303101|downstreamEE:25303155|IJC_SAMPLE_1:6;11;8|SJC_SAMPLE_1:3;0;0|IJC_SAMPLE_2:18;14;8|SJC_SAMPLE_2:93;62;72|IncFormLen:181|SkipFormLen:99|PSI_1_persub:0.522;1.0;1.0|PSI_2_persub:0.096;0.11;0.057,,NA,,,NA
chr1,-,ZMYM6,,chr1:clu_11564,leafcutter,2.44079077448851e-06,1.37554205123337e-08,-0.32539994077756,Success,0.325401044037863,1.10326030220819e-06,logef:-4.52851824987419|loglr:18.1018328714389|df:2|N:3|coord:chr1:35019602-35020383|chr1:35019602:35020261:clu_11564:-,cryptic,NA,,,NA
chr1,-,ZMYM6,,chr1:clu_11564,leafcutter,2.44079077448851e-06,1.37554205123337e-08,0.628797358946494,Success,0.3712005091319,0.999997868078394,logef:9.05703649974839|loglr:18.1018328714389|df:2|N:3|coord:chr1:35019602-35020383|chr1:35019602:35020383:clu_11564:-,cryptic,NA,,,NA
chr1,-,ZMYM6,,chr1:clu_11564,leafcutter,2.44079077448851e-06,1.37554205123337e-08,-0.303397418168934,Success,0.303398446830238,1.02866130355892e-06,logef:-4.52851824987419|loglr:18.1018328714389|df:2|N:3|coord:chr1:35019602-35020383|chr1:35020279:35020383:clu_11564:-,cryptic,NA,,,NA
chr1,-,ENAH,,chr1:clu_12130,leafcutter,1.80655036992619e-13,1.92904470894414e-16,-0.343239207253183,Success,0.385494588543348,0.0422553812901649,logef:-1.59479137537014|loglr:38.1385936718725|df:3|N:4|coord:chr1:225567414-225652686|chr1:225567414:225600208:clu_12130:-,cryptic,NA,,,NA
chr1,-,ENAH,,chr1:clu_12130,leafcutter,1.80655036992619e-13,1.92904470894414e-16,0.528673985246889,Success,0.368956617830522,0.897630603077412,logef:1.50508362477729|loglr:38.1385936718725|df:3|N:4|coord:chr1:225567414-225652686|chr1:225567414:225652686:clu_12130:-,cryptic,NA,,,NA
chr1,+,LRRC42,,chr1:clu_5855,leafcutter,8.47691434127895e-10,1.60919059690886e-12,0.309119130113137,Success,0.0473638142582867,0.356482944371424,logef:1.55714725246575|loglr:30.6087229225377|df:4|N:5|coord:chr1:53946549-53951986|chr1:53946549:53951986:clu_5855:+,annotated,NA,,,NA
chr1,+,LRRC42,,chr1:clu_5855,leafcutter,8.47691434127895e-10,1.60919059690886e-12,-0.332726297280937,Success,0.451339850666768,0.118613553385832,logef:-1.7976304662039|loglr:30.6087229225377|df:4|N:5|coord:chr1:53946549-53951986|chr1:53947981:53951986:clu_5855:+,annotated,NA,,,NA
chr1,+,LRIG2,,chr1:clu_5981,leafcutter,3.43813348045898e-06,2.03958799339087e-08,-0.316065514701156,Success,0.343878913022845,0.0278133983216887,logef:-1.0970386416016|loglr:17.7079329205178|df:2|N:3|coord:chr1:113091383-113093206|chr1:113091383:113092029:clu_5981:+,cryptic,NA,,,NA
chr1,+,LRIG2,,chr1:clu_5981,leafcutter,3.43813348045898e-06,2.03958799339087e-08,0.515426197357225,Success,0.439216895760701,0.954643093117926,logef:2.19407728545664|loglr:17.7079329205178|df:2|N:3|coord:chr1:113091383-113093206|chr1:113091383:113093206:clu_5981:+,cryptic,NA,,,NA
chr10,+,PRKG1,,chr10:clu_12283,leafcutter,0.00274761462460048,3.51006652339533e-05,-0.369694561391051,Success,0.377682607196518,0.00798804580546711,logef:-2.16119647349114|loglr:8.55973390766667|df:1|N:2|coord:chr10:52062631-52133840|chr10:52062631:52062788:clu_12283:+,annotated,NA,,,NA
chr10,+,PRKG1,,chr10:clu_12283,leafcutter,0.00274761462460048,3.51006652339533e-05,0.369694561391051,Success,0.622317392803482,0.992011954194533,logef:2.16119647349114|loglr:8.55973390766667|df:1|N:2|coord:chr10:52062631-52133840|chr10:52062631:52133840:clu_12283:+,annotated,NA,,,NA
chr10,-,ARMH3,,chr10:clu_15700,leafcutter,5.45672318693452e-08,1.58616263961435e-10,0.494968889337963,Success,0.505031106858464,0.999999996196427,logef:12.9114665382301|loglr:22.5645332649398|df:2|N:3|coord:chr10:101847620-101849776|chr10:101847620:101849776:clu_15700:-,cryptic,NA,,,NA
chr12,-,C12orf4,,chr12:clu_10306,leafcutter,6.29506434830207e-07,3.02485740174686e-09,0.497733673234193,Success,0.502265748856086,0.999999422090279,logef:9.5698563580765|loglr:19.6164018864931|df:2|N:3|coord:chr12:4536219-4538409|chr12:4536219:4538409:clu_10306:-,cryptic,NA,,,NA
chr12,-,GXYLT1,,chr12:clu_10381,leafcutter,0.0044633972612929,6.16937510755915e-05,0.524703576891913,Success,0.475296349362708,0.999999926254621,logef:8.26077127966251|loglr:8.02496740331775|df:1|N:2|coord:chr12:42087947-42097442|chr12:42087947:42097442:clu_10381:-,cryptic,NA,,,NA
chr12,-,GXYLT1,,chr12:clu_10381,leafcutter,0.0044633972612929,6.16937510755915e-05,-0.524703576891913,Success,0.524703650637292,7.37453785277406e-08,logef:-8.26077127966251|loglr:8.02496740331775|df:1|N:2|coord:chr12:42087947-42097442|chr12:42095214:42097442:clu_10381:-,cryptic,NA,,,NA
chr12,+,WNK1,,chr12:clu_4467,leafcutter,2.92413370664131e-09,6.24481304141229e-12,0.379060656520302,Success,0.620939340396715,0.999999996917016,logef:12.7358872399271|loglr:25.799269910123|df:2|N:3|coord:chr12:894635-896071|chr12:894635:896071:clu_4467:+,cryptic,NA,,,NA
chr12,+,CACNA1C,,chr12:clu_4478,leafcutter,2.64375893596356e-05,1.94474763041752e-07,0.567813107695579,Success,0.232976494279126,0.800789601974705,logef:1.72187772117856|loglr:15.4529634353053|df:2|N:3|coord:chr12:2679796-2682550|chr12:2679796:2682550:clu_4478:+,annotated,NA,,,NA
chr12,+,CACNA1C,,chr12:clu_4478,leafcutter,2.64375893596356e-05,1.94474763041752e-07,-0.301735163465897,Success,0.407595314518856,0.105860151052959,logef:-0.860938869285464|loglr:15.4529634353053|df:2|N:3|coord:chr12:2679796-2682550|chr12:2680575:2682550:clu_4478:+,annotated,NA,,,NA
chr12,+,FGD4,,chr12:clu_4577,leafcutter,3.39903426918802e-07,1.45180321161261e-09,0.363325326285684,Success,0.63667108936259,0.999996415648274,logef:7.98532312025803|loglr:20.3504594589211|df:2|N:3|coord:chr12:32502338-32564137|chr12:32502338:32564137:clu_4577:+,cryptic,NA,,,NA
chr12,+,RAB3IP,,chr12:clu_4740,leafcutter,1.92750686457015e-08,4.9168176529938e-11,-0.333407232215542,Success,0.365568183702539,0.0321609514869975,logef:-1.89712597659387|loglr:23.7357745202048|df:2|N:3|coord:chr12:69801721-69812964|chr12:69801721:69812964:clu_4740:+,annotated,NA,,,NA
chr13,+,NUP58,,chr13:clu_3481,leafcutter,3.79001259359663e-06,2.27081492527294e-08,0.408922300180631,Success,0.56726309856156,0.976185398742191,logef:2.29510689731916|loglr:17.6005419789658|df:2|N:3|coord:chr13:25301880-25307806|chr13:25301880:25307806:clu_3481:+,annotated,NA,,,NA
chr13,-,ENOX1,,chr13:clu_7531,leafcutter,7.37669452487824e-07,3.63211511873343e-09,0.483125930695279,Success,0.516873498722727,0.999999429418006,logef:9.53939250035497|loglr:19.4334506810231|df:2|N:3|coord:chr13:43361452-43411916|chr13:43361452:43411916:clu_7531:-,cryptic,NA,,,NA
chr13,-,KLHL1,,chr13:clu_7570,leafcutter,9.85527320800807e-10,1.92931135946056e-12,-0.307029579312573,Success,0.311116432059938,0.00408685274736438,logef:-3.52141504001523|loglr:30.4213454382405|df:4|N:5|coord:chr13:69961444-70107203|chr13:69975802:70106604:clu_7570:-,cryptic,NA,,,NA
chr13,-,KLHL1,,chr13:clu_7570,leafcutter,9.85527320800807e-10,1.92931135946056e-12,0.349192442372368,Success,0.0955560928258813,0.444748535198249,logef:2.34877260580817|loglr:30.4213454382405|df:4|N:5|coord:chr13:69961444-70107203|chr13:69975802:70107203:clu_7570:-,cryptic,NA,,,NA
chr14,+,GPHN,,chr14:clu_13953,leafcutter,5.66946751348494e-06,3.59870097848306e-08,0.338148259325693,Success,0.397369649397896,0.735517908723589,logef:1.26042856256274|loglr:27.3480940328063|df:10|N:11|coord:chr14:66965325-67023633|chr14:66965325:67023633:clu_13953:+,cryptic,NA,,,NA
chr14,+,C14orf132,,chr14:clu_14055,leafcutter,2.3411756210868e-11,3.47211191357715e-14,0.432556470863737,Success,0.54970484421249,0.982261315076227,logef:2.8609733912136|loglr:32.873419852147|df:3|N:4|coord:chr14:96039527-96086511|chr14:96039527:96086511:clu_14055:+,cryptic,NA,,,NA
chr14,+,C14orf132,,chr14:clu_14055,leafcutter,2.3411756210868e-11,3.47211191357715e-14,-0.305190359804936,Success,0.317705894053186,0.0125155342482505,logef:-0.953657980170839|loglr:32.873419852147|df:3|N:4|coord:chr14:96039527-96086511|chr14:96040367:96086511:clu_14055:+,cryptic,NA,,,NA
chr14,-,STRN3,,chr14:clu_6967,leafcutter,1.80655036992619e-13,1.87441317914198e-16,0.421508868590659,Success,0.0188939615584245,0.440402830149083,logef:2.93679510285092|loglr:39.9248021370686|df:4|N:5|coord:chr14:30913657-30935163|chr14:30913657:30935163:clu_6967:-,annotated,NA,,,NA
chr14,-,POMT2,,chr14:clu_7088,leafcutter,1.22407346073747e-05,8.49597169759056e-08,-0.45901734863439,Success,0.47934047717975,0.0203231285453605,logef:-1.85476331698103|loglr:16.2810886107212|df:2|N:3|coord:chr14:77286822-77288762|chr14:77286822:77287233:clu_7088:-,annotated,NA,,,NA
chr14,-,POMT2,,chr14:clu_7088,leafcutter,1.22407346073747e-05,8.49597169759056e-08,0.874396674438228,Success,0.0868891579677726,0.961285832406001,logef:3.70952679851851|loglr:16.2810886107212|df:2|N:3|coord:chr14:77286822-77288762|chr14:77286822:77288762:clu_7088:-,annotated,NA,,,NA
chr14,-,POMT2,,chr14:clu_7088,leafcutter,1.22407346073747e-05,8.49597169759056e-08,-0.415379325803839,Success,0.433770364852477,0.0183910390486388,logef:-1.85476348153748|loglr:16.2810886107212|df:2|N:3|coord:chr14:77286822-77288762|chr14:77287271:77288762:clu_7088:-,annotated,NA,,,NA
chr15,-,PPIP5K1,,chr15:clu_1020,leafcutter,1.01866615581472e-12,1.32945692756267e-15,0.917386643969922,Success,0.00458256308680456,0.921969207056726,logef:6.72883884432377|loglr:41.038600904129|df:6|N:7|coord:chr15:43584892-43688852|chr15:43584892:43590172:clu_1020:-,cryptic,NA,,,NA
chr15,-,DENND4A,,chr15:clu_1107,leafcutter,0.00107037341420886,1.17469942236839e-05,0.498118453149268,Success,0.416474788142926,0.914593241292194,logef:1.80554197828188|loglr:11.3519131608496|df:2|N:3|coord:chr15:65664722-65665345|chr15:65664722:65665345:clu_1107:-,annotated,NA,,,NA
chr16,+,PDXDC1,,chr16:clu_1998,leafcutter,5.29446856485344e-05,4.11446510052679e-07,0.573018765899125,Success,0.424166597065569,0.997185362964694,logef:3.08789772590315|loglr:12.8199425267932|df:1|N:2|coord:chr16:15008847-15009681|chr16:15008847:15009681:clu_1998:+,cryptic,NA,,,NA
chr16,+,PDXDC1,,chr16:clu_1998,leafcutter,5.29446856485344e-05,4.11446510052679e-07,-0.573018765899125,Success,0.575833402934431,0.00281463703530596,logef:-3.08789772590315|loglr:12.8199425267932|df:1|N:2|coord:chr16:15008847-15009681|chr16:15009561:15009681:clu_1998:+,cryptic,NA,,,NA
chr16,-,AXIN1,,chr16:clu_9954,leafcutter,6.04674896588887e-08,1.79354243515717e-10,-0.321334673853801,Success,0.447140905164258,0.125806231310457,logef:-1.13084078741939|loglr:22.4416582517021|df:2|N:3|coord:chr16:289607-293488|chr16:289607:291190:clu_9954:-,annotated,NA,,,NA
chr16,-,AXIN1,,chr16:clu_9954,leafcutter,6.04674896588887e-08,1.79354243515717e-10,0.65477714097127,Success,0.0888700557006046,0.743647196671874,logef:2.26168157492238|loglr:22.4416582517021|df:2|N:3|coord:chr16:289607-293488|chr16:289607:293488:clu_9954:-,annotated,NA,,,NA
chr16,-,AXIN1,,chr16:clu_9954,leafcutter,6.04674896588887e-08,1.79354243515717e-10,-0.333442467117469,Success,0.463989039135138,0.130546572017669,logef:-1.13084078750299|loglr:22.4416582517021|df:2|N:3|coord:chr16:289607-293488|chr16:291297:293488:clu_9954:-,annotated,NA,,,NA
chr17,+,LINC02210,,chr17:clu_14389,leafcutter,0.000971320147557646,1.03718115062215e-05,-0.404595357765237,Success,0.457240557139884,0.0526451993746467,logef:-0.563920607738121|loglr:16.5123384598865|df:6|N:7|coord:chr17:45630158-45645901|chr17:45630158:45630246:clu_14389:+,cryptic,NA,,,NA
chr17,+,LINC02210,,chr17:clu_14389,leafcutter,0.000971320147557646,1.03718115062215e-05,0.751004716888836,Success,0.151276038888139,0.902280755776974,logef:3.38353346422537|loglr:16.5123384598865|df:6|N:7|coord:chr17:45630158-45645901|chr17:45630158:45636283:clu_14389:+,cryptic,NA,,,NA
chr18,+,RBBP8,,chr18:clu_1293,leafcutter,0.00102810126666611,1.1100102659621e-05,-0.452014791199426,Success,0.577089755346604,0.125074964147178,logef:-0.953064193772189|loglr:11.4085562010742|df:2|N:3|coord:chr18:22975219-22982218|chr18:22975219:22977790:clu_1293:+,annotated,NA,,,NA
chr18,+,RBBP8,,chr18:clu_1293,leafcutter,0.00102810126666611,1.1100102659621e-05,0.611161068932238,Success,0.21972732670709,0.830888395639328,logef:1.90612847609564|loglr:11.4085562010742|df:2|N:3|coord:chr18:22975219-22982218|chr18:22975219:22982218:clu_1293:+,annotated,NA,,,NA
chr19,-,ADGRL1,,chr19:clu_3129,leafcutter,2.09485381660126e-08,5.46796986002583e-11,0.302163841684157,Success,0.690813163749922,0.992977005434079,logef:2.76506276241542|loglr:23.6295286161535|df:2|N:3|coord:chr19:14170791-14177531|chr19:14170791:14177531:clu_3129:-,cryptic,NA,,,NA
chr19,-,ZFP82,,chr19:clu_3232,leafcutter,4.24385885603201e-11,6.54566828361109e-14,-0.305279526279479,Success,0.323028009053186,0.0177484827737068,logef:-1.98825375658861|loglr:32.2297832555691|df:3|N:4|coord:chr19:36384435-36405580|chr19:36394110:36400285:clu_3232:-,cryptic,NA,,,NA
chr19,-,ZFP82,,chr19:clu_3232,leafcutter,4.24385885603201e-11,6.54566828361109e-14,0.546243154687925,Success,0.265031137079949,0.811274291767874,logef:2.03194413717792|loglr:32.2297832555691|df:3|N:4|coord:chr19:36384435-36405580|chr19:36394110:36405580:clu_3232:-,cryptic,NA,,,NA
chr19,-,ZFP82,,chr19:clu_3232,leafcutter,4.24385885603201e-11,6.54566828361109e-14,-0.338329793524937,Success,0.357999068394435,0.0196692748694981,logef:-1.98828737374082|loglr:32.2297832555691|df:3|N:4|coord:chr19:36384435-36405580|chr19:36400403:36405580:clu_3232:-,cryptic,NA,,,NA
chr19,-,STRN4,,chr19:clu_3352,leafcutter,6.66549611826438e-09,1.54211513681148e-11,0.402321140165383,Success,0.566508417351992,0.968829557517375,logef:2.53519871018193|loglr:28.2719094165577|df:4|N:5|coord:chr19:46733236-46736823|chr19:46733236:46736823:clu_3352:-,cryptic,NA,,,NA
chr2,-,ADAM17,,chr2:clu_4967,leafcutter,0.000369710534717524,3.59687534517849e-06,0.368152838981741,Success,0.427974157850684,0.796126996832425,logef:1.10158837058834|loglr:12.5354450490699|df:2|N:3|coord:chr2:9543285-9555509|chr2:9543285:9555509:clu_4967:-,annotated,NA,,,NA
chr2,-,STRN,,chr2:clu_5046,leafcutter,8.47634414313532e-05,7.03973530307258e-07,0.320972384726511,Success,0.518914692324055,0.839887077050565,logef:1.05446200687297|loglr:14.1665250804906|df:2|N:3|coord:chr2:36884075-36886716|chr2:36884075:36886716:clu_5046:-,cryptic,NA,,,NA
chr2,-,EXOC6B,,chr2:clu_5171,leafcutter,7.17000853686565e-08,2.16924977979562e-10,0.437299223976522,Success,0.444007926093783,0.881307150070304,logef:1.48651917637891|loglr:22.2514695457608|df:2|N:3|coord:chr2:72179461-72184075|chr2:72179461:72184075:clu_5171:-,annotated,NA,,,NA
chr2,-,CACNB4,,chr2:clu_5333,leafcutter,0.000539747182350011,5.47527841145233e-06,0.397237318065325,Success,0.60275948104345,0.999996799108776,logef:6.11755088513436|loglr:10.331697622796|df:1|N:2|coord:chr2:151870861-151872417|chr2:151870861:151872417:clu_5333:-,cryptic,NA,,,NA
chr2,-,CACNB4,,chr2:clu_5333,leafcutter,0.000539747182350011,5.47527841145233e-06,-0.397237318065325,Success,0.39724051895655,3.20089122440641e-06,logef:-6.11755088513436|loglr:10.331697622796|df:1|N:2|coord:chr2:151870861-151872417|chr2:151872125:151872417:clu_5333:-,cryptic,NA,,,NA
chr20,+,MACROD2,,chr20:clu_2736,leafcutter,8.17936985248951e-07,4.22867818425536e-09,0.434443602735341,Success,0.565556087688108,0.999999690423449,logef:9.81621167001183|loglr:19.2813763787138|df:2|N:3|coord:chr20:13995809-14002288|chr20:13995809:14002288:clu_2736:+,cryptic,NA,,,NA
chr20,+,MACROD2,,chr20:clu_2737,leafcutter,0.000256842450020058,2.39213766703145e-06,-0.304003131086298,Success,0.385323694138144,0.0813205630518455,logef:-0.978763139670772|loglr:11.1255818426316|df:1|N:2|coord:chr20:14002404-14085621|chr20:14002404:14051922:clu_2737:+,annotated,NA,,,NA
chr20,+,MACROD2,,chr20:clu_2737,leafcutter,0.000256842450020058,2.39213766703145e-06,0.304003131086298,Success,0.614676305861856,0.918679436948155,logef:0.978763139670772|loglr:11.1255818426316|df:1|N:2|coord:chr20:14002404-14085621|chr20:14002404:14085621:clu_2737:+,annotated,NA,,,NA
chr20,-,PTPRT,,chr20:clu_8738,leafcutter,7.14398953059009e-05,5.806054254558e-07,0.302834677116786,Success,0.687831536795789,0.990666213912575,logef:2.58315730915159|loglr:14.3591944408322|df:2|N:3|coord:chr20:42791466-42885807|chr20:42791466:42885807:clu_8738:-,cryptic,NA,,,NA
chr21,-,TIAM1,,chr21:clu_15339,leafcutter,1.35901516812245e-05,9.67442725127209e-08,0.392698467092452,Success,0.579601834295138,0.97230030138759,logef:2.15806939082448|loglr:16.1511947056238|df:2|N:3|coord:chr21:31266983-31276732|chr21:31266983:31276732:clu_15339:-,cryptic,NA,,,NA
chr3,-,RAF1,,chr3:clu_1411,leafcutter,6.58778064541921e-13,8.20688103184455e-16,-0.373334854202535,Success,0.390235734154782,0.0169008799522468,logef:-1.50288930791914|loglr:34.7363885352993|df:2|N:3|coord:chr3:12600415-12604136|chr3:12600415:12603478:clu_1411:-,annotated,NA,,,NA
chr3,-,RAF1,,chr3:clu_1411,leafcutter,6.58778064541921e-13,8.20688103184455e-16,0.721358802012648,Success,0.245985263568018,0.967344065580667,logef:3.00577861584204|loglr:34.7363885352993|df:2|N:3|coord:chr3:12600415-12604136|chr3:12600415:12604136:clu_1411:-,annotated,NA,,,NA
chr3,-,RAF1,,chr3:clu_1411,leafcutter,6.58778064541921e-13,8.20688103184455e-16,-0.348023947810113,Success,0.363779002277199,0.0157550544670862,logef:-1.5028893079229|loglr:34.7363885352993|df:2|N:3|coord:chr3:12600415-12604136|chr3:12603537:12604136:clu_1411:-,annotated,NA,,,NA
chr3,+,STXBP5L,,chr3:clu_7886,leafcutter,0.000110807223219141,9.39991274861313e-07,0.43265306694661,Success,0.107689278340975,0.540342345287585,logef:1.51752354538|loglr:13.8773952437879|df:2|N:3|coord:chr3:121279956-121318475|chr3:121279956:121318475:clu_7886:+,annotated,NA,,,NA
chr3,+,NLGN1,,chr3:clu_7995,leafcutter,1.84545654422685e-06,1.02908533640223e-08,0.303041457966947,Success,0.69695503913255,0.999996497099497,logef:7.81938399502536|loglr:18.3920103591472|df:2|N:3|coord:chr3:173807832-174275315|chr3:173807832:174275315:clu_7995:+,cryptic,NA,,,NA
chr4,+,LIMCH1,,chr4:clu_16352,leafcutter,4.34640101906619e-09,9.54006274577024e-12,-0.390290048559934,Success,0.488610496755668,0.0983204481957342,logef:-1.94430477992154|loglr:25.3755210533652|df:2|N:3|coord:chr4:41619440-41644500|chr4:41619440:41638932:clu_16352:+,annotated,NA,,,NA
chr4,+,LIMCH1,,chr4:clu_16352,leafcutter,4.34640101906619e-09,9.54006274577024e-12,0.789459182799093,Success,0.0116631339014585,0.801122316700551,logef:3.88860956009984|loglr:25.3755210533652|df:2|N:3|coord:chr4:41619440-41644500|chr4:41619440:41644500:clu_16352:+,annotated,NA,,,NA
chr4,+,LIMCH1,,chr4:clu_16352,leafcutter,4.34640101906619e-09,9.54006274577024e-12,-0.399169134239159,Success,0.499726369342873,0.100557235103715,logef:-1.94430478017831|loglr:25.3755210533652|df:2|N:3|coord:chr4:41619440-41644500|chr4:41638967:41644500:clu_16352:+,annotated,NA,,,NA
chr4,+,PHOX2B-AS1,,chr4:clu_16355,leafcutter,0.000151016521518671,1.33484378633695e-06,0.532509446059758,Success,0.100310673636758,0.632820119696516,logef:1.82540779014637|loglr:13.5266962869385|df:2|N:3|coord:chr4:41748586-41794205|chr4:41748586:41794205:clu_16355:+,cryptic,NA,,,NA
chr4,+,PHOX2B-AS1,,chr4:clu_16355,leafcutter,0.000151016521518671,1.33484378633695e-06,-0.338710395573417,Success,0.572260442462066,0.233550046888649,logef:-0.91270413312594|loglr:13.5266962869385|df:2|N:3|coord:chr4:41748586-41794205|chr4:41749342:41794205:clu_16355:+,cryptic,NA,,,NA
chr4,+,LARP7,,chr4:clu_16457,leafcutter,3.06933627819938e-08,8.37571743472571e-11,0.749280460626909,Success,0.0357280138698632,0.785008474496772,logef:3.82544518333228|loglr:27.9681539613262|df:5|N:6|coord:chr4:112637239-112644668|chr4:112637239:112644668:clu_16457:+,cryptic,NA,,,NA
chr4,+,WDR17,,chr4:clu_16549,leafcutter,2.76389329717818e-05,2.04951451709837e-07,0.39410452415066,Success,0.0368809948416697,0.430985518992329,logef:1.98976499279767|loglr:15.4004927067821|df:2|N:3|coord:chr4:176066079-176111575|chr4:176066079:176111575:clu_16549:+,annotated,NA,,,NA
chr4,+,WDR17,,chr4:clu_16549,leafcutter,2.76389329717818e-05,2.04951451709837e-07,-0.30811071239839,Success,0.752964485109417,0.444853772711027,logef:-0.994885559334314|loglr:15.4004927067821|df:2|N:3|coord:chr4:176066079-176111575|chr4:176096585:176111575:clu_16549:+,annotated,NA,,,NA
chr5,-,ARL15,,chr5:clu_2378,leafcutter,8.17936985248951e-07,4.31846661251448e-09,0.36280204022701,Success,0.633380707736555,0.996182747963565,logef:3.3451014702184|loglr:19.2603654485072|df:2|N:3|coord:chr5:53886713-54113202|chr5:53886713:54113202:clu_2378:-,cryptic,NA,,,NA
chr5,-,ARL15,,chr5:clu_2379,leafcutter,2.38639643459883e-07,8.63559248445918e-10,0.561154531363739,Success,0.067036773728283,0.628191305092022,logef:2.65730518648899|loglr:26.8303564692865|df:6|N:7|coord:chr5:54171928-54310432|chr5:54171928:54310432:clu_2379:-,cryptic,NA,,,NA
chr5,-,ARL15,,chr5:clu_2379,leafcutter,2.38639643459883e-07,8.63559248445918e-10,-0.343080588990105,Success,0.407231386160791,0.0641507971706856,logef:-1.42844325170775|loglr:26.8303564692865|df:6|N:7|coord:chr5:54171928-54310432|chr5:54307946:54310432:clu_2379:-,cryptic,NA,,,NA
chr5,-,ERCC8,,chr5:clu_2391,leafcutter,0.0105259160593783,0.000174214307442993,0.487029500037488,Success,0.387884901772264,0.874914401809751,logef:1.60089294856929|loglr:8.65522436463959|df:2|N:3|coord:chr5:60891086-60898276|chr5:60891086:60898276:clu_2391:-,annotated,NA,,,NA
chr5,-,ERCC8,,chr5:clu_2391,leafcutter,0.0105259160593783,0.000174214307442993,-0.370303627034225,Success,0.465410082095729,0.0951064550615034,logef:-0.80044652591135|loglr:8.65522436463959|df:2|N:3|coord:chr5:60891086-60898276|chr5:60893643:60898276:clu_2391:-,annotated,NA,,,NA
chr5,-,DHFR,,chr5:clu_2432,leafcutter,8.41351068248032e-08,2.64528721701048e-10,-0.308017738045964,Success,0.316894458892854,0.0088767208468898,logef:-1.5736059864256|loglr:22.0530712818637|df:2|N:3|coord:chr5:80629165-80633877|chr5:80629165:80632232:clu_2432:-,cryptic,NA,,,NA
chr5,-,DHFR,,chr5:clu_2432,leafcutter,8.41351068248032e-08,2.64528721701048e-10,0.668847149912409,Success,0.311877436043175,0.980724585955584,logef:3.14721197441396|loglr:22.0530712818637|df:2|N:3|coord:chr5:80629165-80633877|chr5:80629165:80633877:clu_2432:-,cryptic,NA,,,NA
chr5,-,DHFR,,chr5:clu_2432,leafcutter,8.41351068248032e-08,2.64528721701048e-10,-0.360829411866445,Success,0.371228105063971,0.0103986931975267,logef:-1.57360598798835|loglr:22.0530712818637|df:2|N:3|coord:chr5:80629165-80633877|chr5:80632302:80633877:clu_2432:-,cryptic,NA,,,NA
chr5,+,TENT2,,chr5:clu_9343,leafcutter,0.000165321422326426,1.48090020592575e-06,-0.686846292789164,Success,0.686846300879333,8.09016841909846e-09,logef:-12.931882283709|loglr:13.4228604078485|df:2|N:3|coord:chr5:79641196-79642844|chr5:79641196:79641455:clu_9343:+,cryptic,NA,,,NA
chr5,+,TENT2,,chr5:clu_9343,leafcutter,0.000165321422326426,1.48090020592575e-06,0.490428729466494,Success,0.133158797948346,0.62358752741484,logef:6.8690360178463|loglr:13.4228604078485|df:2|N:3|coord:chr5:79641196-79642844|chr5:79641196:79642832:clu_9343:+,cryptic,NA,,,NA
chr6,-,PNISR,,chr6:clu_13682,leafcutter,0.000495089827391709,4.90478739837547e-06,0.413155794161865,Success,0.268779505024367,0.681935299186232,logef:0.881751824889644|loglr:10.4370562182578|df:1|N:2|coord:chr6:99410964-99412551|chr6:99410964:99412551:clu_13682:-,annotated,NA,,,NA
chr6,-,PNISR,,chr6:clu_13682,leafcutter,0.000495089827391709,4.90478739837547e-06,-0.413155794161865,Success,0.731220494975633,0.318064700813768,logef:-0.881751824889644|loglr:10.4370562182578|df:1|N:2|coord:chr6:99410964-99412551|chr6:99412318:99412551:clu_13682:-,annotated,NA,,,NA
chr6,-,ASCC3,,chr6:clu_13690,leafcutter,0.000548277880931374,5.59434036425202e-06,0.628962837962387,Success,0.361407618405947,0.990370456368334,logef:2.60125156461499|loglr:10.3111038380757|df:1|N:2|coord:chr6:100509533-100509997|chr6:100509533:100509932:clu_13690:-,cryptic,NA,,,NA
chr6,-,ASCC3,,chr6:clu_13690,leafcutter,0.000548277880931374,5.59434036425202e-06,-0.628962837962387,Success,0.638592381594053,0.00962954363166589,logef:-2.60125156461499|loglr:10.3111038380757|df:1|N:2|coord:chr6:100509533-100509997|chr6:100509533:100509997:clu_13690:-,cryptic,NA,,,NA
chr6,-,.,,chr6:clu_13741,leafcutter,0.000213554221899738,1.9762981916331e-06,0.438260983380128,Success,0.545798640504044,0.984059623884172,logef:1.96956086259068|loglr:11.3089736492664|df:1|N:2|coord:chr6:127515932-127516629|chr6:127515932:127516629:clu_13741:-,annotated,NA,,,NA
chr6,-,.,,chr6:clu_13741,leafcutter,0.000213554221899738,1.9762981916331e-06,-0.438260983380128,Success,0.454201359495956,0.0159403761158278,logef:-1.96956086259068|loglr:11.3089736492664|df:1|N:2|coord:chr6:127515932-127516629|chr6:127516395:127516629:clu_13741:-,annotated,NA,,,NA
chr6,-,WDR27,,chr6:clu_13806,leafcutter,4.15216700386333e-06,2.51243420771228e-08,-0.500412884093742,Success,0.505290723730281,0.00487783963653903,logef:-2.21808974072199|loglr:17.4994286568952|df:2|N:3|coord:chr6:169660766-169662304|chr6:169660766:169661703:clu_13806:-,cryptic,NA,,,NA
chr6,-,WDR27,,chr6:clu_13806,leafcutter,4.15216700386333e-06,2.51243420771228e-08,0.859266698927741,Success,0.132357487228132,0.991624186155873,logef:4.43617948145298|loglr:17.4994286568952|df:2|N:3|coord:chr6:169660766-169662304|chr6:169660766:169662304:clu_13806:-,cryptic,NA,,,NA
chr6,-,WDR27,,chr6:clu_13806,leafcutter,4.15216700386333e-06,2.51243420771228e-08,-0.358853814833999,Success,0.362351789041587,0.00349797420758797,logef:-2.21808974073099|loglr:17.4994286568952|df:2|N:3|coord:chr6:169660766-169662304|chr6:169661750:169662304:clu_13806:-,cryptic,NA,,,NA
chr6,+,LINC01011,,chr6:clu_9603,leafcutter,0.00198311877776875,2.37640145405047e-05,-0.307705423278518,Success,0.541464453488456,0.233759030209938,logef:-0.676722753069515|loglr:8.9305058261242|df:1|N:2|coord:chr6:2988709-2993931|chr6:2988709:2989528:clu_9603:+,annotated,NA,,,NA
chr6,+,LINC01011,,chr6:clu_9603,leafcutter,0.00198311877776875,2.37640145405047e-05,0.307705423278518,Success,0.458535546511544,0.766240969790062,logef:0.676722753069514|loglr:8.9305058261242|df:1|N:2|coord:chr6:2988709-2993931|chr6:2988709:2993931:clu_9603:+,annotated,NA,,,NA
chr6,+,SENP6,,chr6:clu_9822,leafcutter,0.00330430716383139,4.35164139746437e-05,0.314367528474022,Success,0.501802375596314,0.816169904070337,logef:1.2752574487535|loglr:12.6565949065857|df:4|N:5|coord:chr6:75621625-75623900|chr6:75621625:75623900:clu_9822:+,cryptic,NA,,,NA
chr7,+,ABCB8,,chr7:clu_16980,leafcutter,2.98148350898407e-05,2.26392530788374e-07,-0.37507505819496,Success,0.418688371624667,0.0436133134297068,logef:-1.21687097541381|loglr:16.8627640711518|df:3|N:4|coord:chr7:151028610-151033605|chr7:151028610:151031241:clu_16980:+,annotated,NA,,,NA
chr7,+,ABCB8,,chr7:clu_16980,leafcutter,2.98148350898407e-05,2.26392530788374e-07,0.836108110041296,Success,0.0666701626366519,0.902778272677948,logef:3.65061292902251|loglr:16.8627640711518|df:3|N:4|coord:chr7:151028610-151033605|chr7:151028610:151033605:clu_16980:+,annotated,NA,,,NA
chr7,+,ABCB8,,chr7:clu_16980,leafcutter,2.98148350898407e-05,2.26392530788374e-07,-0.423600195979021,Success,0.472855958749126,0.0492557627701049,logef:-1.2168709768047|loglr:16.8627640711518|df:3|N:4|coord:chr7:151028610-151033605|chr7:151031291:151033605:clu_16980:+,annotated,NA,,,NA
chr8,-,PDE7A,,chr8:clu_3742,leafcutter,8.41351068248032e-08,2.6390461783463e-10,-0.569198554078669,Success,0.580181904900805,0.0109833508221358,logef:-2.11847327331525|loglr:22.0554333741463|df:2|N:3|coord:chr8:65779803-65782783|chr8:65779803:65780844:clu_3742:-,annotated,NA,,,NA
chr8,-,PDE7A,,chr8:clu_3742,leafcutter,8.41351068248032e-08,2.6390461783463e-10,0.892586104610101,Success,0.0901904041219624,0.982776508732063,logef:4.23694654663051|loglr:22.0554333741463|df:2|N:3|coord:chr8:65779803-65782783|chr8:65779803:65782783:clu_3742:-,annotated,NA,,,NA
chr8,-,PDE7A,,chr8:clu_3742,leafcutter,8.41351068248032e-08,2.6390461783463e-10,-0.323387550531432,Success,0.329627690977233,0.00624014044580112,logef:-2.11847327331526|loglr:22.0554333741463|df:2|N:3|coord:chr8:65779803-65782783|chr8:65780947:65782783:clu_3742:-,annotated,NA,,,NA
chr8,-,TAF2,,chr8:clu_3846,leafcutter,1.14783532124103e-07,3.74508765902929e-10,-0.367654406868811,Success,0.387234362566602,0.0195799556977913,logef:-1.56042076651604|loglr:21.7054059062948|df:2|N:3|coord:chr8:119744393-119746705|chr8:119744393:119744881:clu_3846:-,annotated,NA,,,NA
chr8,-,TAF2,,chr8:clu_3846,leafcutter,1.14783532124103e-07,3.74508765902929e-10,0.782676932112887,Success,0.175640525560308,0.958317457673195,logef:3.12084261734469|loglr:21.7054059062948|df:2|N:3|coord:chr8:119744393-119746705|chr8:119744393:119746705:clu_3846:-,annotated,NA,,,NA
chr8,-,TAF2,,chr8:clu_3846,leafcutter,1.14783532124103e-07,3.74508765902929e-10,-0.415022525244076,Success,0.43712511187309,0.0221025866290143,logef:-1.56042185082865|loglr:21.7054059062948|df:2|N:3|coord:chr8:119744393-119746705|chr8:119745036:119746705:clu_3846:-,annotated,NA,,,NA
chr8,+,SULF1,,chr8:clu_9101,leafcutter,0.00741510878065469,0.000114369596189727,0.393471925755017,Success,0.354066139472017,0.747538065227035,logef:0.843369064240381|loglr:7.44166174944962|df:1|N:2|coord:chr8:69564147-69575970|chr8:69564147:69575970:clu_9101:+,cryptic,NA,,,NA
chr8,+,SULF1,,chr8:clu_9101,leafcutter,0.00741510878065469,0.000114369596189727,-0.393471925755017,Success,0.645933860527983,0.252461934772965,logef:-0.843369064240381|loglr:7.44166174944962|df:1|N:2|coord:chr8:69564147-69575970|chr8:69572461:69575970:clu_9101:+,cryptic,NA,,,NA
chr9,-,GNAQ,,chr9:clu_4217,leafcutter,1.87690643752959e-08,4.56505688667694e-11,0.320848002233426,Success,0.678894337063196,0.999742339296622,logef:5.00994265659722|loglr:23.8100050474807|df:2|N:3|coord:chr9:77815770-77922161|chr9:77815770:77922161:clu_4217:-,cryptic,NA,,,NA
chr9,-,DENND1A,,chr9:clu_4347,leafcutter,1.40635192027271e-08,3.33713453229569e-11,-0.471129232956079,Success,0.474883104409067,0.00375387145298839,logef:-2.34873743959028|loglr:24.1233235086361|df:2|N:3|coord:chr9:123452347-123454739|chr9:123452347:123452826:clu_4347:-,cryptic,NA,,,NA
chr9,-,DENND1A,,chr9:clu_4347,leafcutter,1.40635192027271e-08,3.33713453229569e-11,0.883587315284536,Success,0.109372422794243,0.992959738078779,logef:4.69747487938207|loglr:24.1233235086361|df:2|N:3|coord:chr9:123452347-123454739|chr9:123452347:123454739:clu_4347:-,cryptic,NA,,,NA
chr9,-,DENND1A,,chr9:clu_4347,leafcutter,1.40635192027271e-08,3.33713453229569e-11,-0.412458082328457,Success,0.41574447279669,0.0032863904682327,logef:-2.34873743979179|loglr:24.1233235086361|df:2|N:3|coord:chr9:123452347-123454739|chr9:123454051:123454739:clu_4347:-,cryptic,NA,,,NA
chr9,-,SETX,,chr9:clu_4414,leafcutter,2.78431863806934e-07,1.09014077304726e-09,0.484843088391726,Success,0.503943333024512,0.988786421416238,logef:2.97571951855991|loglr:20.6369589994598|df:2|N:3|coord:chr9:132269702-132271710|chr9:132269702:132271710:clu_4414:-,cryptic,NA,,,NA
chr9,+,CDC37L1,,chr9:clu_7167,leafcutter,0.00553247570635067,7.94245192464176e-05,-0.452157306991496,Success,0.455155231568937,0.00299792457744099,logef:-2.81348510670634|loglr:7.78597078384246|df:1|N:2|coord:chr9:4701923-4706011|chr9:4701923:4706011:clu_7167:+,cryptic,NA,,,NA
chr9,+,CDC37L1,,chr9:clu_7167,leafcutter,0.00553247570635067,7.94245192464176e-05,0.452157306991496,Success,0.544844768431063,0.997002075422559,logef:2.81348510670634|loglr:7.78597078384246|df:1|N:2|coord:chr9:4701923-4706011|chr9:4702028:4706011:clu_7167:+,cryptic,NA,,,NA
chr9,+,ZNF618,,chr9:clu_7322,leafcutter,5.51771443131408e-07,2.55313356850269e-09,0.361579050442647,Success,0.316329457399617,0.677908507842264,logef:1.00991238731632|loglr:19.7859443818015|df:2|N:3|coord:chr9:114032728-114036300|chr9:114032728:114036300:clu_7322:+,annotated,NA,,,NA
chrX,-,HDX,,chrX:clu_176,leafcutter,3.03649276822592e-13,3.60264906949744e-16,-0.30086950299835,Success,0.310360701537752,0.00949119853940215,logef:-3.09385491974549|loglr:40.877338616694|df:5|N:6|coord:chrX:84469575-84502342|chrX:84501511:84502342:clu_176:-,cryptic,NA,,,NA
chrX,+,KDM6A,,chrX:clu_6465,leafcutter,4.46540530505278e-07,1.98674377338173e-09,-0.323542766383821,Success,0.326981854533135,0.0034390881493145,logef:-1.90785353444547|loglr:20.0367688331855|df:2|N:3|coord:chrX:45090864-45107410|chrX:45090864:45106542:clu_6465:+,annotated,NA,,,NA
chrX,+,KDM6A,,chrX:clu_6465,leafcutter,4.46540530505278e-07,1.98674377338173e-09,0.684266350114004,Success,0.308460261202768,0.992726611316772,logef:3.81570706896712|loglr:20.0367688331855|df:2|N:3|coord:chrX:45090864-45107410|chrX:45090864:45107410:clu_6465:+,annotated,NA,,,NA
chrX,+,KDM6A,,chrX:clu_6465,leafcutter,4.46540530505278e-07,1.98674377338173e-09,-0.360723583730184,Success,0.364557884264097,0.00383430053391312,logef:-1.90785353452166|loglr:20.0367688331855|df:2|N:3|coord:chrX:45090864-45107410|chrX:45106649:45107410:clu_6465:+,annotated,NA,,,NA
chrY,+,USP9Y,,chrY:clu_3942,leafcutter,0.00223418432756162,2.73027212124158e-05,0.531758293329393,Success,0.46396374384374,0.995722037173133,logef:2.79719330410053|loglr:8.79847036516675|df:1|N:2|coord:chrY:12843193-12846333|chrY:12843193:12846333:clu_3942:+,cryptic,NA,,,NA
chrY,+,USP9Y,,chrY:clu_3942,leafcutter,0.00223418432756162,2.73027212124158e-05,-0.531758293329393,Success,0.53603625615626,0.00427796282686686,logef:-2.79719330410053|loglr:8.79847036516675|df:1|N:2|coord:chrY:12843193-12846333|chrY:12845927:12846333:clu_3942:+,cryptic,NA,,,NA
chr14,-,POMT2,ENSG00000009830.11,ENSG00000009830.11:s:77288762-77288831,majiq,NA,NA,0.8867188191159,,0.889,0.003,LSV Type:s|1e1.1o1|1e2.1o4|Exons coords:77286744-77287209;77287233-77287271;77288762-77288831|IR coords:,,0.3,ES,77287271-77288762,0.999999999999992
chr14,-,POMT2,ENSG00000009830.11,ENSG00000009830.11:s:77288762-77288831,majiq,NA,NA,-0.886718819115898,,0.111,0.997,LSV Type:s|1e1.1o1|1e2.1o4|Exons coords:77286744-77287209;77287233-77287271;77288762-77288831|IR coords:,,0.3,ES,77286822-77288762,0.999999999999992
chr14,-,POMT2,ENSG00000009830.11,ENSG00000009830.11:t:77286744-77287209,majiq,NA,NA,-0.844373380994341,,0.1,0.92,LSV Type:t|1e1.1o2|1e2.1o1|1e3.1o1|Exons coords:77286744-77287209;77287233-77287271;77287580-77287824;77288762-77288831|IR coords:,,0.3,ES,77286822-77288762,1
chr14,-,POMT2,ENSG00000009830.11,ENSG00000009830.11:t:77286744-77287209,majiq,NA,NA,0.843844765820507,,0.901,0.079,LSV Type:t|1e1.1o2|1e2.1o1|1e3.1o1|Exons coords:77286744-77287209;77287233-77287271;77287580-77287824;77288762-77288831|IR coords:,,0.3,ES,77286822-77287233,0.999999999999987
chr12,-,C12orf4,ENSG00000047621.12,ENSG00000047621.12:t:4536017-4536219,majiq,NA,NA,-0.364847445968602,,0.567,0.923,LSV Type:t|3e1.1o5|2e1.1o5|1e1.1o5|3e2.1o1|Exons coords:4536017-4536219;4537380-4537514;4538409-4538508|IR coords:,,0.3,A3SS_ES,4536219-4538409,0.93681346405661
chr12,-,C12orf4,ENSG00000047621.12,ENSG00000047621.12:t:4536017-4536219,majiq,NA,NA,0.36487779963057,,0.384,0.001,LSV Type:t|3e1.1o5|2e1.1o5|1e1.1o5|3e2.1o1|Exons coords:4536017-4536219;4537380-4537514;4538409-4538508|IR coords:,,0.3,A3SS_ES,4536219-4537380,0.947493895578037
chr4,+,LIMCH1,ENSG00000064042.18,ENSG00000064042.18:s:41619188-41620294,majiq,NA,NA,0.877200867789058,,0.976,0.118,LSV Type:s|2e1.1o1|2e2.1o2|2e3.1o2|Exons coords:41619188-41620294;41620424-41620690;41638932-41638967;41644500-41644626|IR coords:,,0.3,ES,41619440-41638932,0.999999999999975
chr4,+,LIMCH1,ENSG00000064042.18,ENSG00000064042.18:s:41619188-41620294,majiq,NA,NA,-0.875174018283041,,0.023,0.88,LSV Type:s|2e1.1o1|2e2.1o2|2e3.1o2|Exons coords:41619188-41620294;41620424-41620690;41638932-41638967;41644500-41644626|IR coords:,,0.3,ES,41619440-41644500,1
chr4,+,LIMCH1,ENSG00000064042.18,ENSG00000064042.18:t:41644500-41644626,majiq,NA,NA,-0.867647825204359,,0.023,0.873,LSV Type:t|1e1.2o6|1e2.1o1|Exons coords:41619188-41620294;41638932-41638967;41644500-41644626|IR coords:,,0.3,ES,41619440-41644500,1
chr4,+,LIMCH1,ENSG00000064042.18,ENSG00000064042.18:t:41644500-41644626,majiq,NA,NA,0.867647825204361,,0.977,0.127,LSV Type:t|1e1.2o6|1e2.1o1|Exons coords:41619188-41620294;41638932-41638967;41644500-41644626|IR coords:,,0.3,ES,41638967-41644500,1
chr8,-,TAF2,ENSG00000064313.12,ENSG00000064313.12:s:119746705-119746934,majiq,NA,NA,0.69894547199197,,0.706,0.029,LSV Type:s|1e1.1o1|2e2.1o4|1e2.1o4|Exons coords:119744288-119744586;119744881-119745036;119746705-119746934|IR coords:,,0.3,A5SS_ES,119745036-119746705,1
chr8,-,TAF2,ENSG00000064313.12,ENSG00000064313.12:s:119746705-119746934,majiq,NA,NA,-0.697656796550146,,0.294,0.965,LSV Type:s|1e1.1o1|2e2.1o4|1e2.1o4|Exons coords:119744288-119744586;119744881-119745036;119746705-119746934|IR coords:,,0.3,A5SS_ES,119744393-119746705,0.999999999999955
chr8,-,TAF2,ENSG00000064313.12,ENSG00000064313.12:t:119744288-119744586,majiq,NA,NA,-0.665433419674203,,0.328,0.978,LSV Type:t|1e1.3o4|1e1.1o4|1e2.1o1|Exons coords:119744288-119744586;119744881-119745036;119746705-119746934|IR coords:,,0.3,A5SS_ES,119744393-119746705,0.999999999999953
chr8,-,TAF2,ENSG00000064313.12,ENSG00000064313.12:t:119744288-119744586,majiq,NA,NA,0.664685225352982,,0.671,0.017,LSV Type:t|1e1.3o4|1e1.1o4|1e2.1o1|Exons coords:119744288-119744586;119744881-119745036;119746705-119746934|IR coords:,,0.3,A5SS_ES,119744393-119744881,1
chr4,+,EVC,ENSG00000072840.13,ENSG00000072840.13:s:5733351-5733435,majiq,NA,NA,0.860343314509103,,0.866,0.014,LSV Type:s|1e1.1o1|1e2.1o2|Exons coords:5733351-5733435;5741334-5741441;5741716-5741814|IR coords:,,0.3,ES,5733435-5741334,0.999999999940995
chr4,+,EVC,ENSG00000072840.13,ENSG00000072840.13:s:5733351-5733435,majiq,NA,NA,-0.860343314509102,,0.134,0.986,LSV Type:s|1e1.1o1|1e2.1o2|Exons coords:5733351-5733435;5741334-5741441;5741716-5741814|IR coords:,,0.3,ES,5733435-5741716,0.999999999940995
chr4,+,EVC,ENSG00000072840.13,ENSG00000072840.13:t:5741716-5741814,majiq,NA,NA,-0.842807708420584,,0.15,0.986,LSV Type:t|1e1.1o2|1e2.1o1|Exons coords:5733351-5733435;5741334-5741441;5741716-5741814|IR coords:,,0.3,ES,5733435-5741716,0.999999999608205
chr4,+,EVC,ENSG00000072840.13,ENSG00000072840.13:t:5741716-5741814,majiq,NA,NA,0.842807708420586,,0.85,0.014,LSV Type:t|1e1.1o2|1e2.1o1|Exons coords:5733351-5733435;5741334-5741441;5741716-5741814|IR coords:,,0.3,ES,5741441-5741716,0.999999999608206
chr20,+,DLGAP4,ENSG00000080845.17,ENSG00000080845.17:s:36496705-36497066,majiq,NA,NA,0.55147779417394,,0.561,0.018,LSV Type:s|2e1.1o1|1e2.2o5|2e2.2o5|1e3.1o5|2e3.1o5|2e4.2o6|Exons coords:36496705-36497066;36497447-36497602;36497817-36499321;36499588-36499676;36500197-36500360|IR coords:,,0.3,A5SS_ES,36497066-36499242,1
chr20,+,DLGAP4,ENSG00000080845.17,ENSG00000080845.17:s:36496705-36497066,majiq,NA,NA,-0.527292007315524,,0.414,0.938,LSV Type:s|2e1.1o1|1e2.2o5|2e2.2o5|1e3.1o5|2e3.1o5|2e4.2o6|Exons coords:36496705-36497066;36497447-36497602;36497817-36499321;36499588-36499676;36500197-36500360|IR coords:,,0.3,A5SS_ES,36497066-36499588,0.999999999999999
chr20,+,DLGAP4,ENSG00000080845.17,ENSG00000080845.17:t:36499588-36499676,majiq,NA,NA,-0.523219560406435,,0.46,0.973,LSV Type:t|1e1.1o6|1e1.3o6|1e2.1o3|2e2.1o3|1e3.3o4|Exons coords:36496705-36497066;36497447-36497602;36497817-36499321;36499588-36499676|IR coords:,,0.3,A5SS_A3SS_ES,36497066-36499588,0.999999999999953
chr20,+,DLGAP4,ENSG00000080845.17,ENSG00000080845.17:t:36499588-36499676,majiq,NA,NA,0.516044272969553,,0.533,0.018,LSV Type:t|1e1.1o6|1e1.3o6|1e2.1o3|2e2.1o3|1e3.3o4|Exons coords:36496705-36497066;36497447-36497602;36497817-36499321;36499588-36499676|IR coords:,,0.3,A5SS_A3SS_ES,36499321-36499588,1
chr20,+,XRN2,ENSG00000088930.8,ENSG00000088930.8:s:21344090-21344208,majiq,NA,NA,-0.52033314902597,,0.472,0.998,LSV Type:s|1e1.1o1|1e2.1o1|1e3.1o3|Exons coords:21344090-21344208;21344854-nan;21345834-21345891;21346415-21346550|IR coords:,,0.3,ES,21344208-21346415,0.999697464882122
chr20,+,XRN2,ENSG00000088930.8,ENSG00000088930.8:t:21346415-21346550,majiq,NA,NA,-0.506706934571677,,0.484,0.999,LSV Type:t|1e1.1o3|1e2.1o2|1e2.2o2|Exons coords:21344090-21344208;21345834-21345891;21346415-21346550|IR coords:,,0.3,A5SS_ES,21344208-21346415,0.999102461339847
chr20,+,XRN2,ENSG00000088930.8,ENSG00000088930.8:t:21346415-21346550,majiq,NA,NA,0.460043526997504,,0.47,0.001,LSV Type:t|1e1.1o3|1e2.1o2|1e2.2o2|Exons coords:21344090-21344208;21345834-21345891;21346415-21346550|IR coords:,,0.3,A5SS_ES,21345887-21346415,0.992512154619365
chr18,+,RBBP8,ENSG00000101773.19,ENSG00000101773.19:s:22975153-22975219,majiq,NA,NA,0.596019547994225,,0.755,0.174,LSV Type:s|1e1.1o1|1e2.1o3|Exons coords:22975153-22975219;22977790-22977887;22982218-22982393|IR coords:,,0.3,ES,22975219-22977790,0.99999933046694
chr18,+,RBBP8,ENSG00000101773.19,ENSG00000101773.19:s:22975153-22975219,majiq,NA,NA,-0.596019547994224,,0.245,0.826,LSV Type:s|1e1.1o1|1e2.1o3|Exons coords:22975153-22975219;22977790-22977887;22982218-22982393|IR coords:,,0.3,ES,22975219-22982218,0.999999330466939
chr18,+,RBBP8,ENSG00000101773.19,ENSG00000101773.19:t:22982218-22982393,majiq,NA,NA,-0.438369735005117,,0.491,0.922,LSV Type:t|1e1.2o5|1e2.1o2|1e3.1o1|Exons coords:22949618-22950035;22975153-22975219;22977790-22977887;22982218-22982393|IR coords:,,0.3,ES,22975219-22982218,0.973849868841533
chr18,+,RBBP8,ENSG00000101773.19,ENSG00000101773.19:t:22982218-22982393,majiq,NA,NA,0.477972883059945,,0.504,0.039,LSV Type:t|1e1.2o5|1e2.1o2|1e3.1o1|Exons coords:22949618-22950035;22975153-22975219;22977790-22977887;22982218-22982393|IR coords:,,0.3,ES,22977887-22982218,0.994530893149888
chr16,-,AXIN1,ENSG00000103126.15,ENSG00000103126.15:s:293488-293718,majiq,NA,NA,0.712805373103713,,0.831,0.135,LSV Type:s|1e1.1o1|1e2.1o3|Exons coords:289440-289607;291190-291297;293488-293718|IR coords:,,0.3,ES,291297-293488,1
chr16,-,AXIN1,ENSG00000103126.15,ENSG00000103126.15:s:293488-293718,majiq,NA,NA,-0.712805373103711,,0.169,0.865,LSV Type:s|1e1.1o1|1e2.1o3|Exons coords:289440-289607;291190-291297;293488-293718|IR coords:,,0.3,ES,289607-293488,1
chr16,-,AXIN1,ENSG00000103126.15,ENSG00000103126.15:t:289440-289607,majiq,NA,NA,-0.703889503143123,,0.175,0.864,LSV Type:t|1e1.1o2|1e2.1o2|i|Exons coords:289440-289607;289608-291189;291190-291297;293488-293718|IR coords:289608-291189,,0.3,ES,289607-293488,0.999999999999999
chr16,-,AXIN1,ENSG00000103126.15,ENSG00000103126.15:t:289440-289607,majiq,NA,NA,0.687024689651427,,0.808,0.135,LSV Type:t|1e1.1o2|1e2.1o2|i|Exons coords:289440-289607;289608-291189;291190-291297;293488-293718|IR coords:289608-291189,,0.3,ES,289607-291190,0.999999999999991
chr9,+,CDC37L1,ENSG00000106993.12,ENSG00000106993.12:s:4701864-4702028,majiq,NA,NA,0.49495027688669,,0.508,0.005,LSV Type:s|2e1.1o1|1e2.1o2|2e2.1o2|Exons coords:4701864-4702028;4703086-4703208;4706011-4708399|IR coords:,,0.3,A5SS_ES,4701923-4706011,0.999999999145442
chr9,+,CDC37L1,ENSG00000106993.12,ENSG00000106993.12:s:4701864-4702028,majiq,NA,NA,-0.495692785120299,,0.491,0.995,LSV Type:s|2e1.1o1|1e2.1o2|2e2.1o2|Exons coords:4701864-4702028;4703086-4703208;4706011-4708399|IR coords:,,0.3,A5SS_ES,4702028-4706011,0.999999999161232
chr9,-,SETX,ENSG00000107290.14,ENSG00000107290.14:t:132269615-132269702,majiq,NA,NA,-0.373084637782138,,0.613,0.99,LSV Type:t|1e1.1o3|1e2.1o1|Exons coords:132269615-132269702;132270518-132270632;132271710-132271808|IR coords:,,0.3,ES,132269702-132271710,0.97854216002072
chr9,-,SETX,ENSG00000107290.14,ENSG00000107290.14:t:132269615-132269702,majiq,NA,NA,0.373084637782139,,0.387,0.01,LSV Type:t|1e1.1o3|1e2.1o1|Exons coords:132269615-132269702;132270518-132270632;132271710-132271808|IR coords:,,0.3,ES,132269702-132270518,0.97854216002072
chr6,-,ASCC3,ENSG00000112249.14,ENSG00000112249.14:s:100509932-100510308,majiq,NA,NA,0.680412431902959,,0.685,0.014,LSV Type:s|2e1.1o2|1e1.1o2|Exons coords:100508194-100509533;100509932-100510308|IR coords:,,0.3,A5SS,100509533-100509997,1
chr6,-,ASCC3,ENSG00000112249.14,ENSG00000112249.14:s:100509932-100510308,majiq,NA,NA,-0.680412431902958,,0.315,0.986,LSV Type:s|2e1.1o2|1e1.1o2|Exons coords:100508194-100509533;100509932-100510308|IR coords:,,0.3,A5SS,100509533-100509932,1
chr5,-,SKP1,ENSG00000113558.19,ENSG00000113558.19:s:134176614-134176719,majiq,NA,NA,0.68196891866415,,0.694,0.027,LSV Type:s|2e1.1o8|1e1.1o8|2e2.1o7|1e2.1o7|Exons coords:134173926-134174022;134174462-134174765;134176614-134176719|IR coords:,,0.3,A5SS_ES,134174514-134176614,0.999999999887789
chr5,-,SKP1,ENSG00000113558.19,ENSG00000113558.19:s:134176614-134176719,majiq,NA,NA,-0.451410952351644,,0.24,0.679,LSV Type:s|2e1.1o8|1e1.1o8|2e2.1o7|1e2.1o7|Exons coords:134173926-134174022;134174462-134174765;134176614-134176719|IR coords:,,0.3,A5SS_ES,134174022-134176686,0.981396785311277
chr5,-,SKP1,ENSG00000113558.19,ENSG00000113558.19:t:134174462-134174765,majiq,NA,NA,-0.507248934763766,,0.448,0.945,LSV Type:t|1e1.1o6|1e2.3o4|1e2.1o4|1e3.7o7|1e3.5o7|1e3.3o7|1e3.1o7|Exons coords:134174462-134174765;134174932-134175570;134176614-134176719;134176855-134176964|IR coords:,,0.3,A5SS_ES,134174514-134176855,0.999996312195934
chr5,-,SKP1,ENSG00000113558.19,ENSG00000113558.19:t:134174462-134174765,majiq,NA,NA,0.358276798796155,,0.377,0.001,LSV Type:t|1e1.1o6|1e2.3o4|1e2.1o4|1e3.7o7|1e3.5o7|1e3.3o7|1e3.1o7|Exons coords:134174462-134174765;134174932-134175570;134176614-134176719;134176855-134176964|IR coords:,,0.3,A5SS_ES,134174514-134175284,0.936599435573397
chrY,+,USP9Y,ENSG00000114374.13,ENSG00000114374.13:s:12843064-12843193,majiq,NA,NA,-0.56107372601232,,0.428,0.982,LSV Type:s|1e1.1o1|1e2.1o1|1e3.1o5|1e3.5o5|Exons coords:12843064-12843193;12844503-nan;12845716-12845969;12846333-12846518|IR coords:,,0.3,A3SS_ES,12843193-12846333,0.999999689891367
chrY,+,USP9Y,ENSG00000114374.13,ENSG00000114374.13:t:12846333-12846518,majiq,NA,NA,-0.652762165596687,,0.339,0.976,LSV Type:t|1e1.1o4|1e2.1o4|2e2.1o4|1e3.1o2|1e3.2o2|Exons coords:12841010-12841133;12843064-12843193;12845716-12845969;12846333-12846518|IR coords:,,0.3,A5SS_A3SS_ES,12843193-12846333,0.999999999999153
chrY,+,USP9Y,ENSG00000114374.13,ENSG00000114374.13:t:12846333-12846518,majiq,NA,NA,0.505613535830476,,0.52,0.006,LSV Type:t|1e1.1o4|1e2.1o4|2e2.1o4|1e3.1o2|1e3.2o2|Exons coords:12841010-12841133;12843064-12843193;12845716-12845969;12846333-12846518|IR coords:,,0.3,A5SS_A3SS_ES,12845927-12846333,0.999993924658918
chr1,+,LRRC42,ENSG00000116212.15,ENSG00000116212.15:s:53946350-53946549,majiq,NA,NA,0.657915347170165,,0.804,0.161,LSV Type:s|1e1.1o1|1e2.1o1|1e3.1o3|Exons coords:53946350-53946549;53947788-53947821;53947862-53947981;53951986-53952472|IR coords:,,0.3,ES,53946549-53947862,1
chr1,+,LRRC42,ENSG00000116212.15,ENSG00000116212.15:s:53946350-53946549,majiq,NA,NA,-0.471157334084034,,0.102,0.557,LSV Type:s|1e1.1o1|1e2.1o1|1e3.1o3|Exons coords:53946350-53946549;53947788-53947821;53947862-53947981;53951986-53952472|IR coords:,,0.3,ES,53946549-53951986,0.999887520450016
chr1,+,LRRC42,ENSG00000116212.15,ENSG00000116212.15:t:53951986-53952472,majiq,NA,NA,-0.486619715474029,,0.085,0.55,LSV Type:t|1e1.1o3|1e2.1o1|1e3.1o1|Exons coords:53946350-53946549;53947788-53947821;53947862-53947981;53951986-53952472|IR coords:,,0.3,ES,53946549-53951986,0.999995191063588
chr1,+,LRRC42,ENSG00000116212.15,ENSG00000116212.15:t:53951986-53952472,majiq,NA,NA,0.675366616699431,,0.818,0.16,LSV Type:t|1e1.1o3|1e2.1o1|1e3.1o1|Exons coords:53946350-53946549;53947788-53947821;53947862-53947981;53951986-53952472|IR coords:,,0.3,ES,53947981-53951986,1
chr9,-,DENND1A,ENSG00000119522.16,ENSG00000119522.16:s:123454739-123454779,majiq,NA,NA,0.80707018983076,,0.813,0,LSV Type:s|1e1.1o1|1e2.1o1|1e3.1o4|Exons coords:123452276-123452347;123452826-123452908;123454003-123454051;123454739-123454779|IR coords:,,0.3,ES,123454051-123454739,1
chr9,-,DENND1A,ENSG00000119522.16,ENSG00000119522.16:s:123454739-123454779,majiq,NA,NA,-0.811773805097595,,0.183,0.993,LSV Type:s|1e1.1o1|1e2.1o1|1e3.1o4|Exons coords:123452276-123452347;123452826-123452908;123454003-123454051;123454739-123454779|IR coords:,,0.3,ES,123452347-123454739,0.999999999999953
chr9,-,DENND1A,ENSG00000119522.16,ENSG00000119522.16:t:123452276-123452347,majiq,NA,NA,-0.823064032920617,,0.168,0.994,LSV Type:t|1e1.1o3|1e2.1o3|1e3.1o1|1e4.1o1|Exons coords:123452276-123452347;123452826-123452908;123454003-123454051;123454739-123454779;123557570-123557695|IR coords:,,0.3,ES,123452347-123454739,0.999999999999953
chr9,-,DENND1A,ENSG00000119522.16,ENSG00000119522.16:t:123452276-123452347,majiq,NA,NA,0.784011302789013,,0.791,0.004,LSV Type:t|1e1.1o3|1e2.1o3|1e3.1o1|1e4.1o1|Exons coords:123452276-123452347;123452826-123452908;123454003-123454051;123454739-123454779;123557570-123557695|IR coords:,,0.3,ES,123452347-123452826,1
chr10,-,ARMH3,ENSG00000120029.13,ENSG00000120029.13:t:101845599-101847620,majiq,NA,NA,-0.415656053451173,,0.571,0.999,LSV Type:t|1e1.1o2|1e2.2o2|1e2.1o2|Exons coords:101845599-101847620;101848303-101848474;101849776-101849892|IR coords:,,0.3,A5SS_ES,101847620-101849776,0.999227398645632
chr10,-,ARMH3,ENSG00000120029.13,ENSG00000120029.13:t:101845599-101847620,majiq,NA,NA,0.403117432820648,,0.417,0.001,LSV Type:t|1e1.1o2|1e2.2o2|1e2.1o2|Exons coords:101845599-101847620;101848303-101848474;101849776-101849892|IR coords:,,0.3,A5SS_ES,101847620-101848400,0.997117212744811
chr13,-,ENOX1,ENSG00000120658.13,ENSG00000120658.13:s:43411916-43412053,majiq,NA,NA,0.351664812634224,,0.364,0.001,LSV Type:s|1e1.1o1|1e2.2o4|Exons coords:43361279-43361452;43410175-43410262;43411916-43412053|IR coords:,,0.3,ES,43410262-43411916,0.907456235750589
chr13,-,ENOX1,ENSG00000120658.13,ENSG00000120658.13:s:43411916-43412053,majiq,NA,NA,-0.351664812634222,,0.636,0.999,LSV Type:s|1e1.1o1|1e2.2o4|Exons coords:43361279-43361452;43410175-43410262;43411916-43412053|IR coords:,,0.3,ES,43361452-43411916,0.907456235750589
chr12,+,RAB3IP,ENSG00000127328.21,ENSG00000127328.21:s:69801609-69801721,majiq,NA,NA,-0.457838471701434,,0.491,0.944,LSV Type:s|1e1.3o5|1e2.1o5|Exons coords:69801609-69801721;69812045-69812877;69812964-69813033|IR coords:,,0.3,ES,69801721-69812778,0.999886580704686
chr12,+,RAB3IP,ENSG00000127328.21,ENSG00000127328.21:s:69801609-69801721,majiq,NA,NA,0.457838471701436,,0.509,0.056,LSV Type:s|1e1.3o5|1e2.1o5|Exons coords:69801609-69801721;69812045-69812877;69812964-69813033|IR coords:,,0.3,ES,69801721-69812964,0.999886580704686
chr12,+,RAB3IP,ENSG00000127328.21,ENSG00000127328.21:t:69812964-69813033,majiq,NA,NA,0.48752346659001,,0.553,0.074,LSV Type:t|1e1.1o5|1e1.4o5|1e2.1o2|1e3.2o3|i|Exons coords:69795262-69795555;69801609-69801721;69812045-69812877;69812878-69812963;69812964-69813033|IR coords:69812878-69812963,,0.3,A5SS_ES,69801721-69812964,0.99999897920785
chr12,+,RAB3IP,ENSG00000127328.21,ENSG00000127328.21:t:69812964-69813033,majiq,NA,NA,-0.49722854823212,,0.412,0.9,LSV Type:t|1e1.1o5|1e1.4o5|1e2.1o2|1e3.2o3|i|Exons coords:69795262-69795555;69801609-69801721;69812045-69812877;69812878-69812963;69812964-69813033|IR coords:69812878-69812963,,0.3,A5SS_ES,69812877-69812964,0.99999974661819
chr3,-,RAF1,ENSG00000132155.12,ENSG00000132155.12:s:12604135-12604289,majiq,NA,NA,0.565793443298515,,0.572,0.018,LSV Type:s|2e1.1o1|2e2.1o2|Exons coords:12600388-12600415;12603478-12603537;12604135-12604289|IR coords:,,0.3,ES,12603537-12604136,1
chr3,-,RAF1,ENSG00000132155.12,ENSG00000132155.12:s:12604135-12604289,majiq,NA,NA,-0.565793443298513,,0.428,0.982,LSV Type:s|2e1.1o1|2e2.1o2|Exons coords:12600388-12600415;12603478-12603537;12604135-12604289|IR coords:,,0.3,ES,12600415-12604136,1
chr3,-,RAF1,ENSG00000132155.12,ENSG00000132155.12:t:12600388-12600415,majiq,NA,NA,-0.625344158389079,,0.363,0.982,LSV Type:t|1e1.2o3|1e2.1o1|Exons coords:12600388-12600415;12603478-12603537;12604135-12604289|IR coords:,,0.3,ES,12600415-12604136,0.999999999999953
chr3,-,RAF1,ENSG00000132155.12,ENSG00000132155.12:t:12600388-12600415,majiq,NA,NA,0.625344158389081,,0.637,0.018,LSV Type:t|1e1.2o3|1e2.1o1|Exons coords:12600388-12600415;12603478-12603537;12604135-12604289|IR coords:,,0.3,ES,12600415-12603478,0.999999999999953
chr6,-,PNISR,ENSG00000132424.16,ENSG00000132424.16:s:99412551-99412739,majiq,NA,NA,0.428730437609553,,0.74,0.327,LSV Type:s|1e1.1o2|1e2.2o3|1e2.1o3|i|Exons coords:99410741-99410992;99411736-99412318;99412319-99412550;99412551-99412739|IR coords:99412319-99412550,,0.3,A3SS_ES,99412318-99412551,0.999150396229044
chr6,-,PNISR,ENSG00000132424.16,ENSG00000132424.16:s:99412551-99412739,majiq,NA,NA,-0.427495120815889,,0.254,0.665,LSV Type:s|1e1.1o2|1e2.2o3|1e2.1o3|i|Exons coords:99410741-99410992;99411736-99412318;99412319-99412550;99412551-99412739|IR coords:99412319-99412550,,0.3,A3SS_ES,99410964-99412551,0.999275699568215
chr8,+,SULF1,ENSG00000137573.14,ENSG00000137573.14:t:69575970-69576209,majiq,NA,NA,-0.412870428749332,,0.309,0.71,LSV Type:t|1e1.2o3|1e1.3o3|1e2.1o1|Exons coords:nan-69572461;69564096-69564170;69575970-69576209|IR coords:,,0.3,A5SS_ES,69564147-69575970,0.951060186601381
chr8,+,SULF1,ENSG00000137573.14,ENSG00000137573.14:t:69575970-69576209,majiq,NA,NA,0.432009436818393,,0.691,0.269,LSV Type:t|1e1.2o3|1e1.3o3|1e2.1o1|Exons coords:nan-69572461;69564096-69564170;69575970-69576209|IR coords:,,0.3,A5SS_ES,69572461-69575970,0.974734176135927
chr10,+,TET1,ENSG00000138336.9,ENSG00000138336.9:s:68672895-68673045,majiq,NA,NA,0.396723525401097,,0.764,0.373,LSV Type:s|1e1.1o1|1e2.1o1|1e3.1o5|Exons coords:68672895-68673045;68673401-68673487;68680872-68680980;68681399-68681488|IR coords:,,0.3,ES,68673045-68673401,0.949100507996467
chr10,+,TET1,ENSG00000138336.9,ENSG00000138336.9:s:68672895-68673045,majiq,NA,NA,-0.520835466586864,,0.11,0.621,LSV Type:s|1e1.1o1|1e2.1o1|1e3.1o5|Exons coords:68672895-68673045;68673401-68673487;68680872-68680980;68681399-68681488|IR coords:,,0.3,ES,68673045-68681399,0.999978760630715
chr10,+,TET1,ENSG00000138336.9,ENSG00000138336.9:t:68681399-68681488,majiq,NA,NA,-0.523437585959365,,0.13,0.641,LSV Type:t|1e1.1o2|1e2.1o3|1e3.1o1|1e4.1o2|1e4.2o2|Exons coords:68667045-68667256;68672895-68673045;68673401-68673487;68680872-68680980;68681399-68681488|IR coords:,,0.3,A5SS_ES,68673045-68681399,0.999962956764773
chr10,+,TET1,ENSG00000138336.9,ENSG00000138336.9:t:68681399-68681488,majiq,NA,NA,0.540610669961385,,0.555,0.008,LSV Type:t|1e1.1o2|1e2.1o3|1e3.1o1|1e4.1o2|1e4.2o2|Exons coords:68667045-68667256;68672895-68673045;68673401-68673487;68680872-68680980;68681399-68681488|IR coords:,,0.3,A5SS_ES,68680967-68681399,0.999998517570242
chr15,-,ANP32A,ENSG00000140350.15,ENSG00000140350.15:s:68817385-68817715,majiq,NA,NA,0.399168504619688,,0.544,0.159,LSV Type:s|2e1.1o2|1e1.1o2|2e2.9o9|2e2.2o9|1e2.2o9|Exons coords:68787770-68788192;68812946-68813034;68817385-68817715|IR coords:,,0.3,A5SS_A3SS_ES,68787919-68817550,0.922168233945442
chr15,-,ANP32A,ENSG00000140350.15,ENSG00000140350.15:s:68817385-68817715,majiq,NA,NA,-0.430703842151834,,0.413,0.831,LSV Type:s|2e1.1o2|1e1.1o2|2e2.9o9|2e2.2o9|1e2.2o9|Exons coords:68787770-68788192;68812946-68813034;68817385-68817715|IR coords:,,0.3,A5SS_A3SS_ES,68787919-68817385,0.965417999610078
chr17,-,TRIM65,ENSG00000141569.12,ENSG00000141569.12:t:75888963-75891347,majiq,NA,NA,0.37181502098377,,0.991,0.614,LSV Type:t|1e1.1o3|1e2.1o2|1e3.1o1|Exons coords:75888963-75891347;75891813-75891878;75892011-75892185;75892267-75892539|IR coords:,,0.3,ES,75891347-75891813,0.907758844975802
chr3,+,STXBP5L,ENSG00000145087.12,ENSG00000145087.12:s:121279805-121279956,majiq,NA,NA,0.491705561542237,,0.788,0.309,LSV Type:s|1e1.1o1|1e2.1o1|1e3.1o2|Exons coords:121279805-121279956;121282266-121282337;121294724-nan;121318475-121318540|IR coords:,,0.3,ES,121279956-121282266,0.996280135408031
chr3,+,STXBP5L,ENSG00000145087.12,ENSG00000145087.12:s:121279805-121279956,majiq,NA,NA,-0.471851265236308,,0.208,0.669,LSV Type:s|1e1.1o1|1e2.1o1|1e3.1o2|Exons coords:121279805-121279956;121282266-121282337;121294724-nan;121318475-121318540|IR coords:,,0.3,ES,121279956-121318475,0.9920990138663
chr3,+,STXBP5L,ENSG00000145087.12,ENSG00000145087.12:t:121318475-121318540,majiq,NA,NA,-0.497800717523344,,0.217,0.701,LSV Type:t|1e1.1o3|1e2.1o1|Exons coords:121279805-121279956;121282266-121282337;121318475-121318540|IR coords:,,0.3,ES,121279956-121318475,0.996569123225973
chr3,+,STXBP5L,ENSG00000145087.12,ENSG00000145087.12:t:121318475-121318540,majiq,NA,NA,0.497800717523346,,0.783,0.299,LSV Type:t|1e1.1o3|1e2.1o1|Exons coords:121279805-121279956;121282266-121282337;121318475-121318540|IR coords:,,0.3,ES,121282337-121318475,0.996569123225973
chrX,+,KDM6A,ENSG00000147050.15,ENSG00000147050.15:s:45090723-45090864,majiq,NA,NA,0.5382874381819,,0.551,0.012,LSV Type:s|2e1.1o1|1e2.2o6|2e2.2o6|Exons coords:45090723-45090864;45106542-45106713;45106940-45107536|IR coords:,,0.3,A5SS_ES,45090864-45106542,0.999999964448132
chrX,+,KDM6A,ENSG00000147050.15,ENSG00000147050.15:s:45090723-45090864,majiq,NA,NA,-0.539521475470413,,0.448,0.986,LSV Type:s|2e1.1o1|1e2.2o6|2e2.2o6|Exons coords:45090723-45090864;45106542-45106713;45106940-45107536|IR coords:,,0.3,A5SS_ES,45090864-45107410,0.999999959807244
chrX,+,KDM6A,ENSG00000147050.15,ENSG00000147050.15:t:45106940-45107536,majiq,NA,NA,-0.547992533574742,,0.44,0.996,LSV Type:t|3e1.1o2|2e2.1o3|2e2.2o3|2e3.1o2|2e3.2o2|Exons coords:45078400-45078505;45090723-45090864;45106542-45106713;45106940-45107536|IR coords:,,0.3,A5SS_A3SS_ES,45090864-45107410,0.999999998328297
chrX,+,KDM6A,ENSG00000147050.15,ENSG00000147050.15:t:45106940-45107536,majiq,NA,NA,0.527467370740568,,0.54,0.001,LSV Type:t|3e1.1o2|2e2.1o3|2e2.2o3|2e3.1o2|2e3.2o2|Exons coords:45078400-45078505;45090723-45090864;45106542-45106713;45106940-45107536|IR coords:,,0.3,A5SS_A3SS_ES,45106649-45107410,0.999999959423112
chr13,-,KLHL1,ENSG00000150361.12,ENSG00000150361.12:s:70107203-70108493,majiq,NA,NA,0.808572864392496,,0.816,0.02,LSV Type:s|1e1.1o1|1e2.1o3|1e3.1o3|Exons coords:69961308-69961444;69975620-69975802;70106604-70106747;70107203-70108493|IR coords:,,0.3,ES,70106747-70107203,1
chr13,-,KLHL1,ENSG00000150361.12,ENSG00000150361.12:s:70107203-70108493,majiq,NA,NA,-0.704362363699741,,0.175,0.863,LSV Type:s|1e1.1o1|1e2.1o3|1e3.1o3|Exons coords:69961308-69961444;69975620-69975802;70106604-70106747;70107203-70108493|IR coords:,,0.3,ES,69975802-70107203,1
chr13,-,KLHL1,ENSG00000150361.12,ENSG00000150361.12:t:69975620-69975802,majiq,NA,NA,-0.853379109938964,,0.143,0.997,LSV Type:t|1e1.1o3|1e2.1o2|1e3.1o1|Exons coords:69975620-69975802;69994700-nan;70106604-70106747;70107203-70108493|IR coords:,,0.3,ES,69975802-70107203,0.999999999999953
chr13,-,KLHL1,ENSG00000150361.12,ENSG00000150361.12:t:69975620-69975802,majiq,NA,NA,0.839275053457487,,0.842,0.001,LSV Type:t|1e1.1o3|1e2.1o2|1e3.1o1|Exons coords:69975620-69975802;69994700-nan;70106604-70106747;70107203-70108493|IR coords:,,0.3,ES,69975802-70106604,1
chr4,+,WDR17,ENSG00000150627.15,ENSG00000150627.15:s:176065834-176066079,majiq,NA,NA,0.711042949055573,,0.839,0.147,LSV Type:s|1e1.1o1|1e2.1o4|1e3.1o5|Exons coords:176065834-176066079;176068220-176068386;176096463-176096585;176111575-176111703|IR coords:,,0.3,ES,176066079-176096463,0.999997334823311
chr4,+,WDR17,ENSG00000150627.15,ENSG00000150627.15:s:176065834-176066079,majiq,NA,NA,-0.65886113738752,,0.106,0.747,LSV Type:s|1e1.1o1|1e2.1o4|1e3.1o5|Exons coords:176065834-176066079;176068220-176068386;176096463-176096585;176111575-176111703|IR coords:,,0.3,ES,176066079-176111575,0.999965747655131
chr4,+,WDR17,ENSG00000150627.15,ENSG00000150627.15:t:176111575-176111703,majiq,NA,NA,-0.401111394002383,,0.029,0.419,LSV Type:t|1e1.1o3|1e2.1o3|1e3.1o3|1e4.1o2|1e5.2o2|Exons coords:176065834-176066079;176068220-176068386;176096463-176096585;176097501-176097660;176111208-176111304;176111575-176111703|IR coords:,,0.3,ES,176066079-176111575,0.951029426147147
chr12,+,CACNA1C,ENSG00000151067.22,ENSG00000151067.22:s:2679444-2679796,majiq,NA,NA,0.494834238464984,,0.584,0.103,LSV Type:s|1e1.1o1|1e2.1o2|1e3.1o3|1e4.1o2|Exons coords:2679444-2679796;2680363-2680575;2681950-2682054;2682550-2682678;2685736-2685842|IR coords:,,0.3,ES,2679796-2680363,0.996935304010245
chr12,+,CACNA1C,ENSG00000151067.22,ENSG00000151067.22:s:2679444-2679796,majiq,NA,NA,-0.45344455834966,,0.409,0.852,LSV Type:s|1e1.1o1|1e2.1o2|1e3.1o3|1e4.1o2|Exons coords:2679444-2679796;2680363-2680575;2681950-2682054;2682550-2682678;2685736-2685842|IR coords:,,0.3,ES,2679796-2682550,0.981310268885421
chr12,+,CACNA1C,ENSG00000151067.22,ENSG00000151067.22:t:2682550-2682678,majiq,NA,NA,-0.512042105551273,,0.393,0.893,LSV Type:t|1e1.1o4|1e2.1o2|1e3.1o1|Exons coords:2679444-2679796;2680363-2680575;2681950-2682054;2682550-2682678|IR coords:,,0.3,ES,2679796-2682550,0.998783811226174
chr12,+,CACNA1C,ENSG00000151067.22,ENSG00000151067.22:t:2682550-2682678,majiq,NA,NA,0.434688752797989,,0.529,0.106,LSV Type:t|1e1.1o4|1e2.1o2|1e3.1o1|Exons coords:2679444-2679796;2680363-2680575;2681950-2682054;2682550-2682678|IR coords:,,0.3,ES,2680575-2682550,0.975066845263632
chr12,-,GXYLT1,ENSG00000151233.11,ENSG00000151233.11:s:42097442-42097614,majiq,NA,NA,0.532830539885075,,0.545,0.003,LSV Type:s|1e1.1o1|1e2.1o2|1e3.1o1|Exons coords:42026645-42026655;42081845-42087947;42095151-42095214;42097442-42097614|IR coords:,,0.3,ES,42095214-42097442,0.999999380857564
chr12,-,GXYLT1,ENSG00000151233.11,ENSG00000151233.11:s:42097442-42097614,majiq,NA,NA,-0.535089602194227,,0.454,0.994,LSV Type:s|1e1.1o1|1e2.1o2|1e3.1o1|Exons coords:42026645-42026655;42081845-42087947;42095151-42095214;42097442-42097614|IR coords:,,0.3,ES,42087947-42097442,0.999999223511668
chr1,-,ENAH,ENSG00000154380.17,ENSG00000154380.17:s:225652686-225653142,majiq,NA,NA,0.410111295439836,,0.423,0.029,LSV Type:s|1e1.1o1|1e2.2o2|1e2.1o2|1e3.1o1|1e4.2o9|Exons coords:225567249-225567414;225595208-225595325;225600208-225600362;225652318-225652433;225652686-225653142|IR coords:,,0.3,A3SS_ES,225600362-225652686,0.999714921424368
chr1,-,ENAH,ENSG00000154380.17,ENSG00000154380.17:s:225652686-225653142,majiq,NA,NA,-0.429175347221116,,0.551,0.957,LSV Type:s|1e1.1o1|1e2.2o2|1e2.1o2|1e3.1o1|1e4.2o9|Exons coords:225567249-225567414;225595208-225595325;225600208-225600362;225652318-225652433;225652686-225653142|IR coords:,,0.3,A3SS_ES,225567414-225652686,0.999031022173112
chr1,-,ENAH,ENSG00000154380.17,ENSG00000154380.17:t:225567249-225567414,majiq,NA,NA,-0.469270621276757,,0.436,0.892,LSV Type:t|2e1.1o5|2e2.1o1|2e3.1o1|2e4.1o1|2e5.1o1|2e6.1o1|2e7.1o1|2e8.1o1|Exons coords:225567249-225567414;225577853-nan;225580167-225580257;225580943-nan;225595208-225595325;225595580-nan;225600208-225600362;225652318-225652433;225652686-225653142|IR coords:,,0.3,ES,225567414-225652686,0.999998875177675
chr1,-,ENAH,ENSG00000154380.17,ENSG00000154380.17:t:225567249-225567414,majiq,NA,NA,0.473413848908918,,0.524,0.057,LSV Type:t|2e1.1o5|2e2.1o1|2e3.1o1|2e4.1o1|2e5.1o1|2e6.1o1|2e7.1o1|2e8.1o1|Exons coords:225567249-225567414;225577853-nan;225580167-225580257;225580943-nan;225595208-225595325;225595580-nan;225600208-225600362;225652318-225652433;225652686-225653142|IR coords:,,0.3,ES,225567414-225600208,0.999999999389982
chr3,-,CLASP2,ENSG00000163539.17,ENSG00000163539.17:s:33570727-33570790,majiq,NA,NA,0.64575093638441,,0.725,0.097,LSV Type:s|1e1.1o1|1e2.1o1|1e3.2o4|Exons coords:33560808-33560971;33563964-33563966;33566732-33566734;33570727-33570790|IR coords:,,0.3,ES,33563966-33570727,1
chr3,-,CLASP2,ENSG00000163539.17,ENSG00000163539.17:s:33570727-33570790,majiq,NA,NA,-0.692027987874231,,0.207,0.888,LSV Type:s|1e1.1o1|1e2.1o1|1e3.2o4|Exons coords:33560808-33560971;33563964-33563966;33566732-33566734;33570727-33570790|IR coords:,,0.3,ES,33560971-33570727,1
chr3,-,CLASP2,ENSG00000163539.17,ENSG00000163539.17:t:33560808-33560971,majiq,NA,NA,-0.706642737362689,,0.184,0.88,LSV Type:t|2e1.1o4|2e2.1o1|2e3.1o1|Exons coords:33560808-33560971;33563964-33563966;33566732-33566734;33570727-33570790|IR coords:,,0.3,ES,33560971-33570727,1
chr3,-,CLASP2,ENSG00000163539.17,ENSG00000163539.17:t:33560808-33560971,majiq,NA,NA,0.658519227586833,,0.749,0.106,LSV Type:t|2e1.1o4|2e2.1o1|2e3.1o1|Exons coords:33560808-33560971;33563964-33563966;33566732-33566734;33570727-33570790|IR coords:,,0.3,ES,33560971-33563964,1
chr1,-,ZMYM6,ENSG00000163867.17,ENSG00000163867.17:s:35020383-35020467,majiq,NA,NA,0.470179987640439,,0.483,0.001,LSV Type:s|1e1.1o1|1e2.1o3|1e3.1o3|Exons coords:35014988-35015162;35017244-35019602;35020223-35020279;35020383-35020467|IR coords:,,0.3,ES,35020279-35020383,0.999974295124436
chr1,-,ZMYM6,ENSG00000163867.17,ENSG00000163867.17:s:35020383-35020467,majiq,NA,NA,-0.491168032801167,,0.495,0.973,LSV Type:s|1e1.1o1|1e2.1o3|1e3.1o3|Exons coords:35014988-35015162;35017244-35019602;35020223-35020279;35020383-35020467|IR coords:,,0.3,ES,35019602-35020383,0.999983625386717
chr1,-,ZMYM6,ENSG00000163867.17,ENSG00000163867.17:t:35017244-35019602,majiq,NA,NA,-0.50479385417724,,0.482,0.998,LSV Type:t|1e1.1o3|1e2.2o3|1e2.1o3|Exons coords:35017244-35019602;35020223-35020279;35020383-35020467|IR coords:,,0.3,A5SS_ES,35019602-35020383,0.999999961430589
chr1,-,ZMYM6,ENSG00000163867.17,ENSG00000163867.17:t:35017244-35019602,majiq,NA,NA,0.487173810150094,,0.501,0.001,LSV Type:t|1e1.1o3|1e2.2o3|1e2.1o3|Exons coords:35017244-35019602;35020223-35020279;35020383-35020467|IR coords:,,0.3,A5SS_ES,35019602-35020261,0.99999941269582
chr3,-,MELTF,ENSG00000163975.12,ENSG00000163975.12:s:197021294-197021471,majiq,NA,NA,0.475861794805394,,0.769,0.305,LSV Type:s|2e1.1o1|2e2.1o3|Exons coords:197017103-197017290;197018953-197019801;197021294-197021471|IR coords:,,0.3,ES,197019801-197021404,0.980483226634466
chr3,-,MELTF,ENSG00000163975.12,ENSG00000163975.12:s:197021294-197021471,majiq,NA,NA,-0.475861794805392,,0.231,0.695,LSV Type:s|2e1.1o1|2e2.1o3|Exons coords:197017103-197017290;197018953-197019801;197021294-197021471|IR coords:,,0.3,ES,197017290-197021404,0.980483226634466
chr3,-,MELTF,ENSG00000163975.12,ENSG00000163975.12:t:197017103-197017290,majiq,NA,NA,-0.684929589075264,,0.306,0.986,LSV Type:t|1e1.2o3|1e2.3o3|1e2.2o3|Exons coords:197017103-197017290;197018953-197019801;197021294-197021471|IR coords:,,0.3,A5SS_ES,197017290-197021404,0.999999679798051
chr3,-,MELTF,ENSG00000163975.12,ENSG00000163975.12:t:197017103-197017290,majiq,NA,NA,0.644447813913332,,0.656,0.007,LSV Type:t|1e1.2o3|1e2.3o3|1e2.2o3|Exons coords:197017103-197017290;197018953-197019801;197021294-197021471|IR coords:,,0.3,A5SS_ES,197017290-197019625,0.99999865176344
chr5,+,TENT2,ENSG00000164329.13,ENSG00000164329.13:s:79641105-79641196,majiq,NA,NA,0.732501176604509,,0.739,0.002,LSV Type:s|1e1.1o1|1e2.1o4|1e2.3o4|Exons coords:79641105-79641196;79641455-79641517;79642832-79642985|IR coords:,,0.3,A3SS_ES,79641196-79641455,0.999999999990292
chr5,+,TENT2,ENSG00000164329.13,ENSG00000164329.13:s:79641105-79641196,majiq,NA,NA,-0.426210789731334,,0.188,0.602,LSV Type:s|1e1.1o1|1e2.1o4|1e2.3o4|Exons coords:79641105-79641196;79641455-79641517;79642832-79642985|IR coords:,,0.3,A3SS_ES,79641196-79642832,0.96120040685928
chr5,+,TENT2,ENSG00000164329.13,ENSG00000164329.13:t:79642832-79642985,majiq,NA,NA,-0.435418728602728,,0.178,0.599,LSV Type:t|1e1.1o3|2e1.1o3|1e2.1o2|2e2.1o2|Exons coords:79641105-79641196;79641455-79641517;79642832-79642985|IR coords:,,0.3,A3SS_ES,79641196-79642832,0.972579719872238
chr5,+,TENT2,ENSG00000164329.13,ENSG00000164329.13:t:79642832-79642985,majiq,NA,NA,0.594661649618327,,0.606,0.001,LSV Type:t|1e1.1o3|2e1.1o3|1e2.1o2|2e2.1o2|Exons coords:79641105-79641196;79641455-79641517;79642832-79642985|IR coords:,,0.3,A3SS_ES,79641517-79642832,0.999998103303181
chrX,-,HDX,ENSG00000165259.14,ENSG00000165259.14:s:84502342-84502479,majiq,NA,NA,0.778450433827652,,0.784,0.017,LSV Type:s|1e1.1o1|1e2.1o2|1e3.1o4|1e4.1o5|1e5.1o2|Exons coords:84439973-84440585;84468472-84469576;84475251-84475397;84488024-84488132;84501429-84501511;84502342-84502479|IR coords:,,0.3,ES,84501511-84502342,1
chrX,-,HDX,ENSG00000165259.14,ENSG00000165259.14:s:84502342-84502479,majiq,NA,NA,-0.474570387709658,,0.176,0.639,LSV Type:s|1e1.1o1|1e2.1o2|1e3.1o4|1e4.1o5|1e5.1o2|Exons coords:84439973-84440585;84468472-84469576;84475251-84475397;84488024-84488132;84501429-84501511;84502342-84502479|IR coords:,,0.3,ES,84475397-84502342,0.99804905998777
chrX,-,HDX,ENSG00000165259.14,ENSG00000165259.14:t:84475251-84475397,majiq,NA,NA,-0.595689593706534,,0.228,0.807,LSV Type:t|1e1.1o5|1e2.1o4|1e3.2o2|1e4.1o2|Exons coords:84475251-84475397;84488024-84488132;84500025-84500304;84501429-84501511;84502342-84502479|IR coords:,,0.3,ES,84475397-84502342,0.999999676050294
chrX,-,HDX,ENSG00000165259.14,ENSG00000165259.14:t:84475251-84475397,majiq,NA,NA,0.680793693813059,,0.689,0.022,LSV Type:t|1e1.1o5|1e2.1o4|1e3.2o2|1e4.1o2|Exons coords:84475251-84475397;84488024-84488132;84500025-84500304;84501429-84501511;84502342-84502479|IR coords:,,0.3,ES,84475397-84501429,0.999999999999999
chr14,+,GPHN,ENSG00000171723.15,ENSG00000171723.15:s:66985682-66985738,majiq,NA,NA,0.538462668784822,,0.731,0.208,LSV Type:s|1e1.1o1|1e2.1o2|1e3.1o3|1e4.1o3|1e5.1o7|Exons coords:66985682-66985738;66985908-66986000;66987936-66988007;66996177-66996218;67021752-67021814;67023633-67023675|IR coords:,,0.3,ES,66985738-66987936,0.999925069534591
chr14,+,GPHN,ENSG00000171723.15,ENSG00000171723.15:s:66985682-66985738,majiq,NA,NA,-0.442707067106448,,0.128,0.558,LSV Type:s|1e1.1o1|1e2.1o2|1e3.1o3|1e4.1o3|1e5.1o7|Exons coords:66985682-66985738;66985908-66986000;66987936-66988007;66996177-66996218;67021752-67021814;67023633-67023675|IR coords:,,0.3,ES,66985738-67023633,0.988123359225288
chr15,-,DENND4A,ENSG00000174485.15,ENSG00000174485.15:s:65665345-65665462,majiq,NA,NA,0.427635096411534,,0.452,0.04,LSV Type:s|1e1.1o1|1e2.1o3|Exons coords:65664560-65664956;65665199-65665225;65665345-65665462|IR coords:,,0.3,ES,65665225-65665345,0.996122593193438
chr15,-,DENND4A,ENSG00000174485.15,ENSG00000174485.15:s:65665345-65665462,majiq,NA,NA,-0.427635096411532,,0.548,0.96,LSV Type:s|1e1.1o1|1e2.1o3|Exons coords:65664560-65664956;65665199-65665225;65665345-65665462|IR coords:,,0.3,ES,65664722-65665345,0.996122593193438
chr15,-,DENND4A,ENSG00000174485.15,ENSG00000174485.15:t:65664560-65664956,majiq,NA,NA,-0.374720415716198,,0.569,0.94,LSV Type:t|1e1.1o2|1e2.1o1|Exons coords:65664560-65664956;65665199-65665225;65665345-65665462|IR coords:,,0.3,ES,65664722-65665345,0.943895930007833
chr15,-,DENND4A,ENSG00000174485.15,ENSG00000174485.15:t:65664560-65664956,majiq,NA,NA,0.374720415716199,,0.431,0.06,LSV Type:t|1e1.1o2|1e2.1o1|Exons coords:65664560-65664956;65665199-65665225;65665345-65665462|IR coords:,,0.3,ES,65664722-65665199,0.943895930007833
chr4,+,LARP7,ENSG00000174720.16,ENSG00000174720.16:s:112637107-112637239,majiq,NA,NA,0.899626240393196,,0.905,0.034,LSV Type:s|1e1.1o1|1e2.1o3|1e3.1o6|Exons coords:112637107-112637239;112637644-112638020;112638618-112638673;112644668-112644871|IR coords:,,0.3,ES,112637239-112637644,0.999999999999985
chr4,+,LARP7,ENSG00000174720.16,ENSG00000174720.16:s:112637107-112637239,majiq,NA,NA,-0.885298926616295,,0.092,0.951,LSV Type:s|1e1.1o1|1e2.1o3|1e3.1o6|Exons coords:112637107-112637239;112637644-112638020;112638618-112638673;112644668-112644871|IR coords:,,0.3,ES,112637239-112644668,0.999999999999973
chr4,+,LARP7,ENSG00000174720.16,ENSG00000174720.16:t:112644668-112644871,majiq,NA,NA,-0.628239894097756,,0.068,0.682,LSV Type:t|1e1.1o3|1e2.1o2|1e3.1o4|1e4.1o1|1e5.1o2|i|Exons coords:112637107-112637239;112637456-112637603;112637644-112638020;112638618-112638673;112644304-112644488;112644489-112644667;112644668-112644871|IR coords:112644489-112644667,,0.3,ES,112637239-112644668,1
chr19,-,ZFP82,ENSG00000181007.9,ENSG00000181007.9:s:36405580-36405675,majiq,NA,NA,0.568193603539253,,0.582,0.018,LSV Type:s|1e1.1o1|1e2.1o4|1e3.2o2|1e3.1o2|Exons coords:36383120-36384455;36388630-36396067;36400285-36400403;36405580-36405675|IR coords:,,0.3,A3SS_ES,36400403-36405580,0.99999999999992
chr19,-,ZFP82,ENSG00000181007.9,ENSG00000181007.9:s:36405580-36405675,majiq,NA,NA,-0.472546044640078,,0.35,0.81,LSV Type:s|1e1.1o1|1e2.1o4|1e3.2o2|1e3.1o2|Exons coords:36383120-36384455;36388630-36396067;36400285-36400403;36405580-36405675|IR coords:,,0.3,A3SS_ES,36394110-36405580,0.999788391349594
chr19,-,ZFP82,ENSG00000181007.9,ENSG00000181007.9:t:36388630-36396067,majiq,NA,NA,-0.582742252286856,,0.399,0.964,LSV Type:t|1e1.1o4|1e2.1o4|1e3.1o1|Exons coords:36388630-36396067;36400285-36400403;36405580-36405675;36407887-36408013|IR coords:,,0.3,ES,36394110-36405580,0.999999999999956
chr19,-,ZFP82,ENSG00000181007.9,ENSG00000181007.9:t:36388630-36396067,majiq,NA,NA,0.580083832171931,,0.595,0.029,LSV Type:t|1e1.1o4|1e2.1o4|1e3.1o1|Exons coords:36388630-36396067;36400285-36400403;36405580-36405675;36407887-36408013|IR coords:,,0.3,ES,36394110-36400285,1
chr7,+,CHRM2,ENSG00000181072.11,ENSG00000181072.11:s:136992187-136992264,majiq,NA,NA,0.390445384663298,,0.406,0.005,LSV Type:s|1e1.1o1|1e2.1o3|Exons coords:136992187-136992264;137001863-137002057;137014820-137020255|IR coords:,,0.3,ES,136992264-137001863,0.95665616610565
chr7,+,CHRM2,ENSG00000181072.11,ENSG00000181072.11:s:136992187-136992264,majiq,NA,NA,-0.390445384663297,,0.594,0.995,LSV Type:s|1e1.1o1|1e2.1o3|Exons coords:136992187-136992264;137001863-137002057;137014820-137020255|IR coords:,,0.3,ES,136992264-137014820,0.95665616610565
chr2,-,CACNB4,ENSG00000182389.19,ENSG00000182389.19:s:151872417-151874135,majiq,NA,NA,0.414100811389613,,0.429,0.001,LSV Type:s|1e1.1o1|1e2.4o6|1e2.1o6|1e3.1o2|1e4.2o7|1e5.1o3|Exons coords:151854852-151855375;151856648-151861729;151870238-151870611;151870842-151870902;151871910-151872125;151872417-151874135|IR coords:,,0.3,A3SS_ES,151872125-151872417,0.992872798386415
chr2,-,CACNB4,ENSG00000182389.19,ENSG00000182389.19:s:151872417-151874135,majiq,NA,NA,-0.471589976922399,,0.516,0.988,LSV Type:s|1e1.1o1|1e2.4o6|1e2.1o6|1e3.1o2|1e4.2o7|1e5.1o3|Exons coords:151854852-151855375;151856648-151861729;151870238-151870611;151870842-151870902;151871910-151872125;151872417-151874135|IR coords:,,0.3,A3SS_ES,151870861-151872417,0.999912286629328
chr6,-,WDR27,ENSG00000184465.16,ENSG00000184465.16:s:169662304-169662424,majiq,NA,NA,0.79047656484982,,0.796,0.013,LSV Type:s|1e1.1o1|1e2.1o2|Exons coords:169660706-169660766;169661703-169661750;169662304-169662424|IR coords:,,0.3,ES,169661750-169662304,1
chr6,-,WDR27,ENSG00000184465.16,ENSG00000184465.16:s:169662304-169662424,majiq,NA,NA,-0.790476564849819,,0.204,0.987,LSV Type:s|1e1.1o1|1e2.1o2|Exons coords:169660706-169660766;169661703-169661750;169662304-169662424|IR coords:,,0.3,ES,169660766-169662304,1
chr6,-,WDR27,ENSG00000184465.16,ENSG00000184465.16:t:169660706-169660766,majiq,NA,NA,-0.844020480815426,,0.154,0.997,LSV Type:t|1e1.1o3|1e2.1o1|Exons coords:169660706-169660766;169661703-169661750;169662304-169662424|IR coords:,,0.3,ES,169660766-169662304,0.999999999999953
chr6,-,WDR27,ENSG00000184465.16,ENSG00000184465.16:t:169660706-169660766,majiq,NA,NA,0.844020480815427,,0.846,0.003,LSV Type:t|1e1.1o3|1e2.1o1|Exons coords:169660706-169660766;169661703-169661750;169662304-169662424|IR coords:,,0.3,ES,169660766-169661703,0.999999999999953
chr6,-,WDR27,ENSG00000184465.16,ENSG00000184465.16:t:169662304-169662424,majiq,NA,NA,0.415624346275824,,0.682,0.277,LSV Type:t|2e1.1o8|2e2.1o7|1e2.1o7|2e3.1o1|Exons coords:169662304-169662424;169663563-169663878;169664166-169664286;169672255-169672396|IR coords:,,0.3,A3SS_ES,169662424-169663563,0.951077107861097
chr5,-,ARL15,ENSG00000185305.11,ENSG00000185305.11:s:54310432-54310582,majiq,NA,NA,0.787627741010665,,0.838,0.065,LSV Type:s|1e1.1o2|1e2.1o2|1e3.1o5|1e4.1o3|1e5.1o6|Exons coords:54113133-54113410;54154391-54154639;54171784-54171928;54285341-54285358;54307888-54307946;54310432-54310582|IR coords:,,0.3,ES,54307946-54310432,1
chr5,-,ARL15,ENSG00000185305.11,ENSG00000185305.11:s:54310432-54310582,majiq,NA,NA,-0.623589945853311,,0.121,0.73,LSV Type:s|1e1.1o2|1e2.1o2|1e3.1o5|1e4.1o3|1e5.1o6|Exons coords:54113133-54113410;54154391-54154639;54171784-54171928;54285341-54285358;54307888-54307946;54310432-54310582|IR coords:,,0.3,ES,54171928-54310432,0.999999999999997
chr5,-,ARL15,ENSG00000185305.11,ENSG00000185305.11:t:54171784-54171928,majiq,NA,NA,-0.640042720122392,,0.117,0.743,LSV Type:t|1e1.1o5|1e2.1o2|1e3.1o5|1e4.1o1|1e5.1o1|Exons coords:54171784-54171928;54282271-nan;54285341-54285358;54307888-54307946;54310295-54310415;54310432-54310582|IR coords:,,0.3,ES,54171928-54310432,0.999999999999999
chr5,-,ARL15,ENSG00000185305.11,ENSG00000185305.11:t:54171784-54171928,majiq,NA,NA,0.69302159948577,,0.701,0.014,LSV Type:t|1e1.1o5|1e2.1o2|1e3.1o5|1e4.1o1|1e5.1o1|Exons coords:54171784-54171928;54282271-nan;54285341-54285358;54307888-54307946;54310295-54310415;54310432-54310582|IR coords:,,0.3,ES,54171928-54307888,1
chr10,+,PRKG1,ENSG00000185532.20,ENSG00000185532.20:s:52062537-52062631,majiq,NA,NA,-0.44239627124769,,0.542,0.982,LSV Type:s|1e1.1o2|1e2.1o1|1e3.1o1|1e4.1o3|1e5.1o2|1e6.1o2|i|Exons coords:52062537-52062631;52062632-52062787;52062788-52062862;52081597-52081657;52125734-52125983;52133840-52133905;52161889-52161963;52251570-52251666|IR coords:52062632-52062787,,0.3,ES,52062631-52133840,0.999976599085916
chr16,-,AC009022.1,ENSG00000196696.13,ENSG00000196696.13:t:70030988-70031066,majiq,NA,NA,-0.772164038330994,,0.224,0.996,LSV Type:t|1e1.1o2|1e2.1o1|Exons coords:70030988-70031066;70031186-70031248;70031900-70031968|IR coords:,,0.3,ES,70031066-70031900,0.999999985877332
chr16,-,AC009022.1,ENSG00000196696.13,ENSG00000196696.13:t:70030988-70031066,majiq,NA,NA,0.772164038330996,,0.776,0.004,LSV Type:t|1e1.1o2|1e2.1o1|Exons coords:70030988-70031066;70031186-70031248;70031900-70031968|IR coords:,,0.3,ES,70031066-70031186,0.999999985877332
chr14,-,STRN3,ENSG00000196792.12,ENSG00000196792.12:s:30935163-30935304,majiq,NA,NA,0.615698780133142,,0.969,0.375,LSV Type:s|1e1.1o2|1e2.1o2|1e3.1o3|1e4.1o5|Exons coords:30912007-30912311;30913524-30913657;30918966-30919106;30929201-30929311;30935163-30935304|IR coords:,,0.3,ES,30929311-30935163,0.999999999999975
chr14,-,STRN3,ENSG00000196792.12,ENSG00000196792.12:s:30935163-30935304,majiq,NA,NA,-0.59428938981795,,0.03,0.602,LSV Type:s|1e1.1o2|1e2.1o2|1e3.1o3|1e4.1o5|Exons coords:30912007-30912311;30913524-30913657;30918966-30919106;30929201-30929311;30935163-30935304|IR coords:,,0.3,ES,30913657-30935163,1
chr14,-,STRN3,ENSG00000196792.12,ENSG00000196792.12:t:30913524-30913657,majiq,NA,NA,-0.648806421727176,,0.034,0.658,LSV Type:t|1e1.1o4|1e2.1o3|1e3.1o1|Exons coords:30913524-30913657;30918966-30919106;30929201-30929311;30935163-30935304|IR coords:,,0.3,ES,30913657-30935163,1
chr14,-,STRN3,ENSG00000196792.12,ENSG00000196792.12:t:30913524-30913657,majiq,NA,NA,0.521364468166888,,0.762,0.254,LSV Type:t|1e1.1o4|1e2.1o3|1e3.1o1|Exons coords:30913524-30913657;30918966-30919106;30929201-30929311;30935163-30935304|IR coords:,,0.3,ES,30913657-30929201,0.999999968608951
chr7,+,ABCB8,ENSG00000197150.12,ENSG00000197150.12:s:151028422-151028610,majiq,NA,NA,0.79636870914457,,0.801,0.014,LSV Type:s|1e1.3o4|1e1.4o4|1e2.1o4|1e3.1o3|1e4.1o1|1e5.1o6|1e6.1o4|i|Exons coords:151028422-151028610;151028611-151028656;151028657-151029443;151031241-151031626;151032844-151033242;151033443-151033604;151033605-151033917;151034273-151034428|IR coords:151028611-151028656,,0.3,A3SS_ES,151028610-151031241,1
chr7,+,ABCB8,ENSG00000197150.12,ENSG00000197150.12:s:151028422-151028610,majiq,NA,NA,-0.746097394517342,,0.156,0.882,LSV Type:s|1e1.3o4|1e1.4o4|1e2.1o4|1e3.1o3|1e4.1o1|1e5.1o6|1e6.1o4|i|Exons coords:151028422-151028610;151028611-151028656;151028657-151029443;151031241-151031626;151032844-151033242;151033443-151033604;151033605-151033917;151034273-151034428|IR coords:151028611-151028656,,0.3,A3SS_ES,151028610-151033605,1
chr7,+,ABCB8,ENSG00000197150.12,ENSG00000197150.12:t:151033605-151033917,majiq,NA,NA,-0.81271280341445,,0.136,0.932,LSV Type:t|1e1.1o8|1e2.1o6|1e2.2o6|1e2.4o6|1e3.1o3|1e4.3o6|Exons coords:151028422-151028610;151028657-151029443;151031241-151031626;151032844-151033242;151033605-151033917|IR coords:,,0.3,A5SS_ES,151028610-151033605,0.999999999999995
chr7,+,ABCB8,ENSG00000197150.12,ENSG00000197150.12:t:151033605-151033917,majiq,NA,NA,0.784915404837983,,0.793,0.012,LSV Type:t|1e1.1o8|1e2.1o6|1e2.2o6|1e2.4o6|1e3.1o3|1e4.3o6|Exons coords:151028422-151028610;151028657-151029443;151031241-151031626;151032844-151033242;151033605-151033917|IR coords:,,0.3,A5SS_ES,151031291-151033605,1
chr4,+,HTT,ENSG00000197386.12,ENSG00000197386.12:s:3212564-3213055,majiq,NA,NA,0.447099238373958,,0.464,0,LSV Type:s|1e1.1o2|1e1.2o2|1e2.1o4|1e2.3o4|1e2.4o4|Exons coords:3212564-3213055;3213490-3213736;3213958-3214156|IR coords:,,0.3,A3SS_ES,3212709-3213622,0.987309639278796
chr4,+,HTT,ENSG00000197386.12,ENSG00000197386.12:s:3212564-3213055,majiq,NA,NA,-0.614096990065583,,0.375,0.987,LSV Type:s|1e1.1o2|1e1.2o2|1e2.1o4|1e2.3o4|1e2.4o4|Exons coords:3212564-3213055;3213490-3213736;3213958-3214156|IR coords:,,0.3,A3SS_ES,3212709-3213958,0.999999151190697
chr4,+,HTT,ENSG00000197386.12,ENSG00000197386.12:t:3213958-3214156,majiq,NA,NA,-0.553563780280307,,0.436,0.987,LSV Type:t|1e1.1o6|2e1.1o6|3e1.1o6|1e2.1o1|Exons coords:3212564-3213055;3213490-3213736;3213958-3214156|IR coords:,,0.3,A3SS_ES,3212709-3213958,0.999825810107381
chr4,+,HTT,ENSG00000197386.12,ENSG00000197386.12:t:3213958-3214156,majiq,NA,NA,0.543796311143972,,0.555,0.001,LSV Type:t|1e1.1o6|2e1.1o6|3e1.1o6|1e2.1o1|Exons coords:3212564-3213055;3213490-3213736;3213958-3214156|IR coords:,,0.3,A3SS_ES,3213736-3213958,0.999706207698689
chr1,+,LRIG2,ENSG00000198799.12,ENSG00000198799.12:s:113091318-113091383,majiq,NA,NA,0.408318505156381,,0.429,0.033,LSV Type:s|1e1.1o2|1e1.2o2|1e2.1o4|Exons coords:113091318-113091383;113092029-113092231;113093206-113093280|IR coords:,,0.3,A3SS_ES,113091383-113092029,0.982428879094116
chr1,+,LRIG2,ENSG00000198799.12,ENSG00000198799.12:s:113091318-113091383,majiq,NA,NA,-0.433737101645678,,0.547,0.965,LSV Type:s|1e1.1o2|1e1.2o2|1e2.1o4|Exons coords:113091318-113091383;113092029-113092231;113093206-113093280|IR coords:,,0.3,A3SS_ES,113091383-113093206,0.994849019324809
chr1,+,LRIG2,ENSG00000198799.12,ENSG00000198799.12:t:113093206-113093280,majiq,NA,NA,-0.399477082676279,,0.583,0.971,LSV Type:t|1e1.1o3|1e2.1o3|1e2.2o3|1e2.3o3|Exons coords:113091318-113091383;113092029-113092231;113093206-113093280|IR coords:,,0.3,A5SS_ES,113091383-113093206,0.977108725305811
chr17,+,LINC02210,ENSG00000204650.14,ENSG00000204650.14:s:45629904-45630456,majiq,NA,NA,-0.589101669763992,,0.341,0.912,LSV Type:s|1e2.1o2|1e2.2o2|1e3.1o2|2e3.1o2|1e4.1o6|2e4.1o6|4e4.1o6|1e5.2o4|1e6.2o14|2e6.2o14|3e6.2o14|4e6.2o14|1e6.14o14|Exons coords:45629904-45630456;45630485-45630606;45635301-45635398;45636283-45636505;45638975-45639520;45645671-45655156|IR coords:,,0.3,A5SS_A3SS_ES,45630158-45636283,0.999999999996144
chr17,+,LINC02210,ENSG00000204650.14,ENSG00000204650.14:t:45636283-45636505,majiq,NA,NA,-0.637611904321304,,0.352,0.978,LSV Type:t|1e1.1o15|1e1.9o15|1e1.13o15|1e2.2o3|1e3.1o1|1e4.1o1|Exons coords:45629904-45630456;45630485-45630606;45633049-45633174;45635301-45635398;45636283-45636505|IR coords:,,0.3,A5SS_ES,45630158-45636283,0.999999999999953
chr17,+,LINC02210,ENSG00000204650.14,ENSG00000204650.14:t:45645671-45655156,majiq,NA,NA,0.578696331415854,,0.588,0.001,LSV Type:t|2e1.1o15|3e1.1o15|2e1.9o15|2e1.12o15|2e1.13o15|2e2.2o3|2e3.5o6|2e4.1o5|2e4.2o5|2e4.4o5|2e5.1o2|2e6.1o4|2e6.2o4|Exons coords:45629904-45630456;45630485-45630606;45636283-45636505;45637201-45637959;45638975-45639520;45640362-45642303;45645671-45655156|IR coords:,,0.3,A5SS_A3SS_ES,45630318-45645901,0.999999998633906
chr8,-,PDE7A,ENSG00000205268.11,ENSG00000205268.11:s:65782783-65782843,majiq,NA,NA,0.795282178397983,,0.798,0.016,LSV Type:s|1e1.1o1|1e2.1o2|Exons coords:65779720-65779803;65780844-65780947;65782783-65782843|IR coords:,,0.3,ES,65780947-65782783,1
chr8,-,PDE7A,ENSG00000205268.11,ENSG00000205268.11:s:65782783-65782843,majiq,NA,NA,-0.795282178397981,,0.202,0.984,LSV Type:s|1e1.1o1|1e2.1o2|Exons coords:65779720-65779803;65780844-65780947;65782783-65782843|IR coords:,,0.3,ES,65779803-65782783,1
chr8,-,PDE7A,ENSG00000205268.11,ENSG00000205268.11:t:65779720-65779803,majiq,NA,NA,-0.871183232243075,,0.123,0.993,LSV Type:t|1e1.1o2|1e2.1o1|Exons coords:65779720-65779803;65780844-65780947;65782783-65782843|IR coords:,,0.3,ES,65779803-65782783,0.999999999999953
chr8,-,PDE7A,ENSG00000205268.11,ENSG00000205268.11:t:65779720-65779803,majiq,NA,NA,0.871183232243076,,0.877,0.007,LSV Type:t|1e1.1o2|1e2.1o1|Exons coords:65779720-65779803;65780844-65780947;65782783-65782843|IR coords:,,0.3,ES,65779803-65780844,0.999999999999953
chr4,-,HAUS3,ENSG00000214367.8,ENSG00000214367.8:s:2229099-2229243,majiq,NA,NA,-0.431611648944411,,0.482,0.904,LSV Type:s|1e1.1o1|1e2.1o2|i|Exons coords:2213047-2213126;2222927-2223080;2228459-2229098;2229099-2229243|IR coords:2228459-2229098,,0.3,ES,2229098-2229099,0.957094623311275
chr14,+,C14orf132,ENSG00000227051.6,ENSG00000227051.6:t:96086511-96086809,majiq,NA,NA,-0.351470370683913,,0.635,0.99,LSV Type:t|1e1.1o6|1e2.1o2|1e3.1o3|1e3.2o3|1e3.3o3|1e4.1o1|Exons coords:96039324-96039527;96040211-96040367;96040521-96041463;96051124-96051222;96086511-96086809|IR coords:,,0.3,A5SS_ES,96039527-96086511,0.907355460747621
chr5,-,DHFR,ENSG00000228716.7,ENSG00000228716.7:s:80633877-80633992,majiq,NA,NA,0.571090454561063,,0.584,0.008,LSV Type:s|1e1.1o1|1e2.1o3|Exons coords:80629039-80629165;80632232-80632302;80633877-80633992|IR coords:,,0.3,ES,80632302-80633877,0.99999999999927
chr5,-,DHFR,ENSG00000228716.7,ENSG00000228716.7:s:80633877-80633992,majiq,NA,NA,-0.571090454561061,,0.416,0.992,LSV Type:s|1e1.1o1|1e2.1o3|Exons coords:80629039-80629165;80632232-80632302;80633877-80633992|IR coords:,,0.3,ES,80629165-80633877,0.99999999999927
chr5,-,DHFR,ENSG00000228716.7,ENSG00000228716.7:t:80629039-80629165,majiq,NA,NA,-0.523995174154198,,0.46,0.977,LSV Type:t|1e1.1o2|1e2.1o2|1e3.1o1|Exons coords:80629039-80629165;80632232-80632302;80633877-80633992;80637883-80638009|IR coords:,,0.3,ES,80629165-80633877,0.999999952067671
chr5,-,DHFR,ENSG00000228716.7,ENSG00000228716.7:t:80629039-80629165,majiq,NA,NA,0.522538543822408,,0.537,0.016,LSV Type:t|1e1.1o2|1e2.1o2|1e3.1o1|Exons coords:80629039-80629165;80632232-80632302;80633877-80633992;80637883-80638009|IR coords:,,0.3,ES,80629165-80632232,0.999999950469432
chr4,+,PHOX2B-AS1,ENSG00000250467.1,ENSG00000250467.1:s:41748293-41748586,majiq,NA,NA,0.650628407469305,,0.854,0.218,LSV Type:s|1e1.1o1|1e2.1o3|Exons coords:41748293-41748586;41749200-41749342;41794205-41794339|IR coords:,,0.3,ES,41748586-41749200,0.999983402776993
chr4,+,PHOX2B-AS1,ENSG00000250467.1,ENSG00000250467.1:s:41748293-41748586,majiq,NA,NA,-0.650628407469303,,0.146,0.782,LSV Type:s|1e1.1o1|1e2.1o3|Exons coords:41748293-41748586;41749200-41749342;41794205-41794339|IR coords:,,0.3,ES,41748586-41794205,0.999983402776993
chr4,+,PHOX2B-AS1,ENSG00000250467.1,ENSG00000250467.1:t:41794205-41794339,majiq,NA,NA,-0.569494478762588,,0.089,0.644,LSV Type:t|1e1.1o2|1e2.1o1|1e3.1o1|Exons coords:nan-41750397;41748293-41748586;41749200-41749342;41794205-41794339|IR coords:,,0.3,ES,41748586-41794205,0.999850322966336
chr4,+,PHOX2B-AS1,ENSG00000250467.1,ENSG00000250467.1:t:41794205-41794339,majiq,NA,NA,0.636425129714273,,0.899,0.28,LSV Type:t|1e1.1o2|1e2.1o1|1e3.1o1|Exons coords:nan-41750397;41748293-41748586;41749200-41749342;41794205-41794339|IR coords:,,0.3,ES,41749342-41794205,0.999997298338687
chr8,+,GLI4,ENSG00000250571.7,ENSG00000250571.7:t:143269358-143269520,majiq,NA,NA,-0.393903725807337,,0.56,0.945,LSV Type:t|2e1.1o3|2e2.1o1|2e3.1o1|Exons coords:nan-143268986;143267433-143267484;143267780-143268098;143269358-143269520|IR coords:,,0.3,ES,143267484-143269360,0.905515339366882
chr5,+,AC136604.3,ENSG00000250999.2,ENSG00000250999.2:s:179658225-179658717,majiq,NA,NA,0.625002484496663,,0.744,0.133,LSV Type:s|1e1.1o2|1e1.2o2|1e2.1o4|2e2.1o4|1e3.1o2|Exons coords:179658225-179658717;179662661-179663103;179664323-179665136;179674015-179674025|IR coords:,,0.3,A5SS_A3SS_ES,179658481-179664323,0.999984231120054
chr16,-,PDXDC2P,ENSG00000255185.6,ENSG00000255185.6:t:70030988-70031066,majiq,NA,NA,-0.769096450380299,,0.224,0.996,LSV Type:t|1e1.1o2|1e2.1o1|Exons coords:70030988-70031066;70031186-70031248;70031900-70031968|IR coords:,,0.3,ES,70031066-70031900,0.999999975227372
chr16,-,PDXDC2P,ENSG00000255185.6,ENSG00000255185.6:t:70030988-70031066,majiq,NA,NA,0.769096450380301,,0.776,0.004,LSV Type:t|1e1.1o2|1e2.1o1|Exons coords:70030988-70031066;70031186-70031248;70031900-70031968|IR coords:,,0.3,ES,70031066-70031186,0.999999975227372
chr12,+,AC026786.1,ENSG00000256825.4,ENSG00000256825.4:t:133144434-133144525,majiq,NA,NA,-0.432409036601548,,0.505,0.928,LSV Type:t|1e1.1o1|1e2.1o3|1e3.1o1|1e4.1o1|Exons coords:nan-133144021;133130045-133130055;133130984-133131014;133140090-133140187;133144434-133144525|IR coords:,,0.3,ES,133131014-133144434,0.952939877214574
chr12,+,AC026786.1,ENSG00000256825.4,ENSG00000256825.4:t:133144434-133144525,majiq,NA,NA,0.390501159165918,,0.407,0.007,LSV Type:t|1e1.1o1|1e2.1o3|1e3.1o1|1e4.1o1|Exons coords:nan-133144021;133130045-133130055;133130984-133131014;133140090-133140187;133144434-133144525|IR coords:,,0.3,ES,133140187-133144434,0.933929171874589
chr1,-,AC114490.2,ENSG00000271741.1,ENSG00000271741.1:s:35020383-35020467,majiq,NA,NA,0.477286818836295,,0.492,0.002,LSV Type:s|1e1.1o1|1e2.1o3|Exons coords:35019353-35019602;35020223-35020279;35020383-35020467|IR coords:,,0.3,ES,35020279-35020383,0.999977219432748
chr1,-,AC114490.2,ENSG00000271741.1,ENSG00000271741.1:s:35020383-35020467,majiq,NA,NA,-0.477286818836293,,0.508,0.998,LSV Type:s|1e1.1o1|1e2.1o3|Exons coords:35019353-35019602;35020223-35020279;35020383-35020467|IR coords:,,0.3,ES,35019602-35020383,0.999977219432748
chr1,-,AC114490.2,ENSG00000271741.1,ENSG00000271741.1:t:35019353-35019602,majiq,NA,NA,-0.505490326930523,,0.481,0.998,LSV Type:t|1e1.1o2|1e2.2o3|1e2.1o3|Exons coords:35019353-35019602;35020223-35020279;35020383-35020467|IR coords:,,0.3,A5SS_ES,35019602-35020383,0.999997664836526
chr1,-,AC114490.2,ENSG00000271741.1,ENSG00000271741.1:t:35019353-35019602,majiq,NA,NA,0.488612665905699,,0.503,0.001,LSV Type:t|1e1.1o2|1e2.2o3|1e2.1o3|Exons coords:35019353-35019602;35020223-35020279;35020383-35020467|IR coords:,,0.3,A5SS_ES,35019602-35020261,0.999988866565306
chr2,-,AC068547.1,ENSG00000283228.1,ENSG00000283228.1:s:151872417-151872493,majiq,NA,NA,0.444629419204978,,0.456,0.002,LSV Type:s|1e1.1o1|1e2.1o3|Exons coords:151870842-151870861;151871910-151872125;151872417-151872493|IR coords:,,0.3,ES,151872125-151872417,0.998612749828499
chr2,-,AC068547.1,ENSG00000283228.1,ENSG00000283228.1:s:151872417-151872493,majiq,NA,NA,-0.444629419204976,,0.544,0.998,LSV Type:s|1e1.1o1|1e2.1o3|Exons coords:151870842-151870861;151871910-151872125;151872417-151872493|IR coords:,,0.3,ES,151870861-151872417,0.998612749828499
chr14,-,POMT2,ENSG00000009830.11,ENSG00000009830.11:s:77288762-77288831,majiq,NA,NA,0.8867188191159,,0.889,0.003,LSV Type:s|1e1.1o1|1e2.1o4|Exons coords:77286744-77287209;77287233-77287271;77288762-77288831|IR coords:,,0.4,ES,77287271-77288762,0.999999999999992
chr14,-,POMT2,ENSG00000009830.11,ENSG00000009830.11:s:77288762-77288831,majiq,NA,NA,-0.886718819115898,,0.111,0.997,LSV Type:s|1e1.1o1|1e2.1o4|Exons coords:77286744-77287209;77287233-77287271;77288762-77288831|IR coords:,,0.4,ES,77286822-77288762,0.999999999999992
chr14,-,POMT2,ENSG00000009830.11,ENSG00000009830.11:t:77286744-77287209,majiq,NA,NA,-0.844373380994341,,0.1,0.92,LSV Type:t|1e1.1o2|1e2.1o1|1e3.1o1|Exons coords:77286744-77287209;77287233-77287271;77287580-77287824;77288762-77288831|IR coords:,,0.4,ES,77286822-77288762,1
chr14,-,POMT2,ENSG00000009830.11,ENSG00000009830.11:t:77286744-77287209,majiq,NA,NA,0.843844765820507,,0.901,0.079,LSV Type:t|1e1.1o2|1e2.1o1|1e3.1o1|Exons coords:77286744-77287209;77287233-77287271;77287580-77287824;77288762-77288831|IR coords:,,0.4,ES,77286822-77287233,0.999999999999987
chr4,+,LIMCH1,ENSG00000064042.18,ENSG00000064042.18:s:41619188-41620294,majiq,NA,NA,0.877200867789058,,0.976,0.118,LSV Type:s|2e1.1o1|2e2.1o2|2e3.1o2|Exons coords:41619188-41620294;41620424-41620690;41638932-41638967;41644500-41644626|IR coords:,,0.4,ES,41619440-41638932,0.999999999999975
chr4,+,LIMCH1,ENSG00000064042.18,ENSG00000064042.18:s:41619188-41620294,majiq,NA,NA,-0.875174018283041,,0.023,0.88,LSV Type:s|2e1.1o1|2e2.1o2|2e3.1o2|Exons coords:41619188-41620294;41620424-41620690;41638932-41638967;41644500-41644626|IR coords:,,0.4,ES,41619440-41644500,1
chr4,+,LIMCH1,ENSG00000064042.18,ENSG00000064042.18:t:41644500-41644626,majiq,NA,NA,-0.867647825204359,,0.023,0.873,LSV Type:t|1e1.2o6|1e2.1o1|Exons coords:41619188-41620294;41638932-41638967;41644500-41644626|IR coords:,,0.4,ES,41619440-41644500,1
chr4,+,LIMCH1,ENSG00000064042.18,ENSG00000064042.18:t:41644500-41644626,majiq,NA,NA,0.867647825204361,,0.977,0.127,LSV Type:t|1e1.2o6|1e2.1o1|Exons coords:41619188-41620294;41638932-41638967;41644500-41644626|IR coords:,,0.4,ES,41638967-41644500,1
chr8,-,TAF2,ENSG00000064313.12,ENSG00000064313.12:s:119746705-119746934,majiq,NA,NA,0.69894547199197,,0.706,0.029,LSV Type:s|1e1.1o1|2e2.1o4|1e2.1o4|Exons coords:119744288-119744586;119744881-119745036;119746705-119746934|IR coords:,,0.4,A5SS_ES,119745036-119746705,1
chr8,-,TAF2,ENSG00000064313.12,ENSG00000064313.12:s:119746705-119746934,majiq,NA,NA,-0.697656796550146,,0.294,0.965,LSV Type:s|1e1.1o1|2e2.1o4|1e2.1o4|Exons coords:119744288-119744586;119744881-119745036;119746705-119746934|IR coords:,,0.4,A5SS_ES,119744393-119746705,0.999999999999955
chr8,-,TAF2,ENSG00000064313.12,ENSG00000064313.12:t:119744288-119744586,majiq,NA,NA,-0.665433419674203,,0.328,0.978,LSV Type:t|1e1.3o4|1e1.1o4|1e2.1o1|Exons coords:119744288-119744586;119744881-119745036;119746705-119746934|IR coords:,,0.4,A5SS_ES,119744393-119746705,0.999999999999953
chr8,-,TAF2,ENSG00000064313.12,ENSG00000064313.12:t:119744288-119744586,majiq,NA,NA,0.664685225352982,,0.671,0.017,LSV Type:t|1e1.3o4|1e1.1o4|1e2.1o1|Exons coords:119744288-119744586;119744881-119745036;119746705-119746934|IR coords:,,0.4,A5SS_ES,119744393-119744881,1
chr4,+,EVC,ENSG00000072840.13,ENSG00000072840.13:s:5733351-5733435,majiq,NA,NA,0.860343314509103,,0.866,0.014,LSV Type:s|1e1.1o1|1e2.1o2|Exons coords:5733351-5733435;5741334-5741441;5741716-5741814|IR coords:,,0.4,ES,5733435-5741334,0.999999990815341
chr4,+,EVC,ENSG00000072840.13,ENSG00000072840.13:s:5733351-5733435,majiq,NA,NA,-0.860343314509102,,0.134,0.986,LSV Type:s|1e1.1o1|1e2.1o2|Exons coords:5733351-5733435;5741334-5741441;5741716-5741814|IR coords:,,0.4,ES,5733435-5741716,0.999999990815341
chr4,+,EVC,ENSG00000072840.13,ENSG00000072840.13:t:5741716-5741814,majiq,NA,NA,-0.842807708420584,,0.15,0.986,LSV Type:t|1e1.1o2|1e2.1o1|Exons coords:5733351-5733435;5741334-5741441;5741716-5741814|IR coords:,,0.4,ES,5733435-5741716,0.999999950328234
chr4,+,EVC,ENSG00000072840.13,ENSG00000072840.13:t:5741716-5741814,majiq,NA,NA,0.842807708420586,,0.85,0.014,LSV Type:t|1e1.1o2|1e2.1o1|Exons coords:5733351-5733435;5741334-5741441;5741716-5741814|IR coords:,,0.4,ES,5741441-5741716,0.999999950328235
chr20,+,DLGAP4,ENSG00000080845.17,ENSG00000080845.17:s:36496705-36497066,majiq,NA,NA,0.55147779417394,,0.561,0.018,LSV Type:s|2e1.1o1|1e2.2o5|2e2.2o5|1e3.1o5|2e3.1o5|2e4.2o6|Exons coords:36496705-36497066;36497447-36497602;36497817-36499321;36499588-36499676;36500197-36500360|IR coords:,,0.4,A5SS_ES,36497066-36499242,0.999999986838037
chr20,+,DLGAP4,ENSG00000080845.17,ENSG00000080845.17:s:36496705-36497066,majiq,NA,NA,-0.527292007315524,,0.414,0.938,LSV Type:s|2e1.1o1|1e2.2o5|2e2.2o5|1e3.1o5|2e3.1o5|2e4.2o6|Exons coords:36496705-36497066;36497447-36497602;36497817-36499321;36499588-36499676;36500197-36500360|IR coords:,,0.4,A5SS_ES,36497066-36499588,0.999816764290839
chr20,+,DLGAP4,ENSG00000080845.17,ENSG00000080845.17:t:36499588-36499676,majiq,NA,NA,-0.523219560406435,,0.46,0.973,LSV Type:t|1e1.1o6|1e1.3o6|1e2.1o3|2e2.1o3|1e3.3o4|Exons coords:36496705-36497066;36497447-36497602;36497817-36499321;36499588-36499676|IR coords:,,0.4,A5SS_A3SS_ES,36497066-36499588,0.999990988256915
chr20,+,DLGAP4,ENSG00000080845.17,ENSG00000080845.17:t:36499588-36499676,majiq,NA,NA,0.516044272969553,,0.533,0.018,LSV Type:t|1e1.1o6|1e1.3o6|1e2.1o3|2e2.1o3|1e3.3o4|Exons coords:36496705-36497066;36497447-36497602;36497817-36499321;36499588-36499676|IR coords:,,0.4,A5SS_A3SS_ES,36499321-36499588,0.999918795462014
chr20,+,XRN2,ENSG00000088930.8,ENSG00000088930.8:s:21344090-21344208,majiq,NA,NA,-0.52033314902597,,0.472,0.998,LSV Type:s|1e1.1o1|1e2.1o1|1e3.1o3|Exons coords:21344090-21344208;21344854-nan;21345834-21345891;21346415-21346550|IR coords:,,0.4,ES,21344208-21346415,0.966609945996607
chr20,+,XRN2,ENSG00000088930.8,ENSG00000088930.8:t:21346415-21346550,majiq,NA,NA,-0.506706934571677,,0.484,0.999,LSV Type:t|1e1.1o3|1e2.1o2|1e2.2o2|Exons coords:21344090-21344208;21345834-21345891;21346415-21346550|IR coords:,,0.4,A5SS_ES,21344208-21346415,0.94312114828522
chr18,+,RBBP8,ENSG00000101773.19,ENSG00000101773.19:s:22975153-22975219,majiq,NA,NA,0.596019547994225,,0.755,0.174,LSV Type:s|1e1.1o1|1e2.1o3|Exons coords:22975153-22975219;22977790-22977887;22982218-22982393|IR coords:,,0.4,ES,22975219-22977790,0.999421550803285
chr18,+,RBBP8,ENSG00000101773.19,ENSG00000101773.19:s:22975153-22975219,majiq,NA,NA,-0.596019547994224,,0.245,0.826,LSV Type:s|1e1.1o1|1e2.1o3|Exons coords:22975153-22975219;22977790-22977887;22982218-22982393|IR coords:,,0.4,ES,22975219-22982218,0.999421550803285
chr16,-,AXIN1,ENSG00000103126.15,ENSG00000103126.15:s:293488-293718,majiq,NA,NA,0.712805373103713,,0.831,0.135,LSV Type:s|1e1.1o1|1e2.1o3|Exons coords:289440-289607;291190-291297;293488-293718|IR coords:,,0.4,ES,291297-293488,0.999999999998379
chr16,-,AXIN1,ENSG00000103126.15,ENSG00000103126.15:s:293488-293718,majiq,NA,NA,-0.712805373103711,,0.169,0.865,LSV Type:s|1e1.1o1|1e2.1o3|Exons coords:289440-289607;291190-291297;293488-293718|IR coords:,,0.4,ES,289607-293488,0.999999999998379
chr16,-,AXIN1,ENSG00000103126.15,ENSG00000103126.15:t:289440-289607,majiq,NA,NA,-0.703889503143123,,0.175,0.864,LSV Type:t|1e1.1o2|1e2.1o2|i|Exons coords:289440-289607;289608-291189;291190-291297;293488-293718|IR coords:289608-291189,,0.4,ES,289607-293488,0.9999999993703
chr16,-,AXIN1,ENSG00000103126.15,ENSG00000103126.15:t:289440-289607,majiq,NA,NA,0.687024689651427,,0.808,0.135,LSV Type:t|1e1.1o2|1e2.1o2|i|Exons coords:289440-289607;289608-291189;291190-291297;293488-293718|IR coords:289608-291189,,0.4,ES,289607-291190,0.999999994991475
chr9,+,CDC37L1,ENSG00000106993.12,ENSG00000106993.12:s:4701864-4702028,majiq,NA,NA,0.49495027688669,,0.508,0.005,LSV Type:s|2e1.1o1|1e2.1o2|2e2.1o2|Exons coords:4701864-4702028;4703086-4703208;4706011-4708399|IR coords:,,0.4,A5SS_ES,4701923-4706011,0.985451105818786
chr9,+,CDC37L1,ENSG00000106993.12,ENSG00000106993.12:s:4701864-4702028,majiq,NA,NA,-0.495692785120299,,0.491,0.995,LSV Type:s|2e1.1o1|1e2.1o2|2e2.1o2|Exons coords:4701864-4702028;4703086-4703208;4706011-4708399|IR coords:,,0.4,A5SS_ES,4702028-4706011,0.985913365669627
chr6,-,ASCC3,ENSG00000112249.14,ENSG00000112249.14:s:100509932-100510308,majiq,NA,NA,0.680412431902959,,0.685,0.014,LSV Type:s|2e1.1o2|1e1.1o2|Exons coords:100508194-100509533;100509932-100510308|IR coords:,,0.4,A5SS,100509533-100509997,0.999999999999915
chr6,-,ASCC3,ENSG00000112249.14,ENSG00000112249.14:s:100509932-100510308,majiq,NA,NA,-0.680412431902958,,0.315,0.986,LSV Type:s|2e1.1o2|1e1.1o2|Exons coords:100508194-100509533;100509932-100510308|IR coords:,,0.4,A5SS,100509533-100509932,0.999999999999916
chr5,-,SKP1,ENSG00000113558.19,ENSG00000113558.19:s:134176614-134176719,majiq,NA,NA,0.68196891866415,,0.694,0.027,LSV Type:s|2e1.1o8|1e1.1o8|2e2.1o7|1e2.1o7|Exons coords:134173926-134174022;134174462-134174765;134176614-134176719|IR coords:,,0.4,A5SS_ES,134174514-134176614,0.999999467028142
chr5,-,SKP1,ENSG00000113558.19,ENSG00000113558.19:t:134174462-134174765,majiq,NA,NA,-0.507248934763766,,0.448,0.945,LSV Type:t|1e1.1o6|1e2.3o4|1e2.1o4|1e3.7o7|1e3.5o7|1e3.3o7|1e3.1o7|Exons coords:134174462-134174765;134174932-134175570;134176614-134176719;134176855-134176964|IR coords:,,0.4,A5SS_ES,134174514-134176855,0.988256707774737
chrY,+,USP9Y,ENSG00000114374.13,ENSG00000114374.13:s:12843064-12843193,majiq,NA,NA,-0.56107372601232,,0.428,0.982,LSV Type:s|1e1.1o1|1e2.1o1|1e3.1o5|1e3.5o5|Exons coords:12843064-12843193;12844503-nan;12845716-12845969;12846333-12846518|IR coords:,,0.4,A3SS_ES,12843193-12846333,0.998688921890564
chrY,+,USP9Y,ENSG00000114374.13,ENSG00000114374.13:t:12846333-12846518,majiq,NA,NA,-0.652762165596687,,0.339,0.976,LSV Type:t|1e1.1o4|1e2.1o4|2e2.1o4|1e3.1o2|1e3.2o2|Exons coords:12841010-12841133;12843064-12843193;12845716-12845969;12846333-12846518|IR coords:,,0.4,A5SS_A3SS_ES,12843193-12846333,0.999999741477472
chrY,+,USP9Y,ENSG00000114374.13,ENSG00000114374.13:t:12846333-12846518,majiq,NA,NA,0.505613535830476,,0.52,0.006,LSV Type:t|1e1.1o4|1e2.1o4|2e2.1o4|1e3.1o2|1e3.2o2|Exons coords:12841010-12841133;12843064-12843193;12845716-12845969;12846333-12846518|IR coords:,,0.4,A5SS_A3SS_ES,12845927-12846333,0.983583646314141
chr1,+,LRRC42,ENSG00000116212.15,ENSG00000116212.15:s:53946350-53946549,majiq,NA,NA,0.657915347170165,,0.804,0.161,LSV Type:s|1e1.1o1|1e2.1o1|1e3.1o3|Exons coords:53946350-53946549;53947788-53947821;53947862-53947981;53951986-53952472|IR coords:,,0.4,ES,53946549-53947862,0.999999999553629
chr1,+,LRRC42,ENSG00000116212.15,ENSG00000116212.15:s:53946350-53946549,majiq,NA,NA,-0.471157334084034,,0.102,0.557,LSV Type:s|1e1.1o1|1e2.1o1|1e3.1o3|Exons coords:53946350-53946549;53947788-53947821;53947862-53947981;53951986-53952472|IR coords:,,0.4,ES,53946549-53951986,0.925103576935555
chr1,+,LRRC42,ENSG00000116212.15,ENSG00000116212.15:t:53951986-53952472,majiq,NA,NA,-0.486619715474029,,0.085,0.55,LSV Type:t|1e1.1o3|1e2.1o1|1e3.1o1|Exons coords:53946350-53946549;53947788-53947821;53947862-53947981;53951986-53952472|IR coords:,,0.4,ES,53946549-53951986,0.970961452270152
chr1,+,LRRC42,ENSG00000116212.15,ENSG00000116212.15:t:53951986-53952472,majiq,NA,NA,0.675366616699431,,0.818,0.16,LSV Type:t|1e1.1o3|1e2.1o1|1e3.1o1|Exons coords:53946350-53946549;53947788-53947821;53947862-53947981;53951986-53952472|IR coords:,,0.4,ES,53947981-53951986,0.999999999999841
chr9,-,DENND1A,ENSG00000119522.16,ENSG00000119522.16:s:123454739-123454779,majiq,NA,NA,0.80707018983076,,0.813,0,LSV Type:s|1e1.1o1|1e2.1o1|1e3.1o4|Exons coords:123452276-123452347;123452826-123452908;123454003-123454051;123454739-123454779|IR coords:,,0.4,ES,123454051-123454739,1
chr9,-,DENND1A,ENSG00000119522.16,ENSG00000119522.16:s:123454739-123454779,majiq,NA,NA,-0.811773805097595,,0.183,0.993,LSV Type:s|1e1.1o1|1e2.1o1|1e3.1o4|Exons coords:123452276-123452347;123452826-123452908;123454003-123454051;123454739-123454779|IR coords:,,0.4,ES,123452347-123454739,0.999999999999953
chr9,-,DENND1A,ENSG00000119522.16,ENSG00000119522.16:t:123452276-123452347,majiq,NA,NA,-0.823064032920617,,0.168,0.994,LSV Type:t|1e1.1o3|1e2.1o3|1e3.1o1|1e4.1o1|Exons coords:123452276-123452347;123452826-123452908;123454003-123454051;123454739-123454779;123557570-123557695|IR coords:,,0.4,ES,123452347-123454739,0.999999999999953
chr9,-,DENND1A,ENSG00000119522.16,ENSG00000119522.16:t:123452276-123452347,majiq,NA,NA,0.784011302789013,,0.791,0.004,LSV Type:t|1e1.1o3|1e2.1o3|1e3.1o1|1e4.1o1|Exons coords:123452276-123452347;123452826-123452908;123454003-123454051;123454739-123454779;123557570-123557695|IR coords:,,0.4,ES,123452347-123452826,1
chr12,+,RAB3IP,ENSG00000127328.21,ENSG00000127328.21:t:69812964-69813033,majiq,NA,NA,0.48752346659001,,0.553,0.074,LSV Type:t|1e1.1o5|1e1.4o5|1e2.1o2|1e3.2o3|i|Exons coords:69795262-69795555;69801609-69801721;69812045-69812877;69812878-69812963;69812964-69813033|IR coords:69812878-69812963,,0.4,A5SS_ES,69801721-69812964,0.982924574814849
chr12,+,RAB3IP,ENSG00000127328.21,ENSG00000127328.21:t:69812964-69813033,majiq,NA,NA,-0.49722854823212,,0.412,0.9,LSV Type:t|1e1.1o5|1e1.4o5|1e2.1o2|1e3.2o3|i|Exons coords:69795262-69795555;69801609-69801721;69812045-69812877;69812878-69812963;69812964-69813033|IR coords:69812878-69812963,,0.4,A5SS_ES,69812877-69812964,0.982828855918441
chr3,-,RAF1,ENSG00000132155.12,ENSG00000132155.12:s:12604135-12604289,majiq,NA,NA,0.565793443298515,,0.572,0.018,LSV Type:s|2e1.1o1|2e2.1o2|Exons coords:12600388-12600415;12603478-12603537;12604135-12604289|IR coords:,,0.4,ES,12603537-12604136,0.99999999999995
chr3,-,RAF1,ENSG00000132155.12,ENSG00000132155.12:s:12604135-12604289,majiq,NA,NA,-0.565793443298513,,0.428,0.982,LSV Type:s|2e1.1o1|2e2.1o2|Exons coords:12600388-12600415;12603478-12603537;12604135-12604289|IR coords:,,0.4,ES,12600415-12604136,0.99999999999995
chr3,-,RAF1,ENSG00000132155.12,ENSG00000132155.12:t:12600388-12600415,majiq,NA,NA,-0.625344158389079,,0.363,0.982,LSV Type:t|1e1.2o3|1e2.1o1|Exons coords:12600388-12600415;12603478-12603537;12604135-12604289|IR coords:,,0.4,ES,12600415-12604136,0.999999999999953
chr3,-,RAF1,ENSG00000132155.12,ENSG00000132155.12:t:12600388-12600415,majiq,NA,NA,0.625344158389081,,0.637,0.018,LSV Type:t|1e1.2o3|1e2.1o1|Exons coords:12600388-12600415;12603478-12603537;12604135-12604289|IR coords:,,0.4,ES,12600415-12603478,0.999999999999953
chr10,+,TET1,ENSG00000138336.9,ENSG00000138336.9:s:68672895-68673045,majiq,NA,NA,-0.520835466586864,,0.11,0.621,LSV Type:s|1e1.1o1|1e2.1o1|1e3.1o5|Exons coords:68672895-68673045;68673401-68673487;68680872-68680980;68681399-68681488|IR coords:,,0.4,ES,68673045-68681399,0.988130987420549
chr10,+,TET1,ENSG00000138336.9,ENSG00000138336.9:t:68681399-68681488,majiq,NA,NA,-0.523437585959365,,0.13,0.641,LSV Type:t|1e1.1o2|1e2.1o3|1e3.1o1|1e4.1o2|1e4.2o2|Exons coords:68667045-68667256;68672895-68673045;68673401-68673487;68680872-68680980;68681399-68681488|IR coords:,,0.4,A5SS_ES,68673045-68681399,0.986388724034123
chr10,+,TET1,ENSG00000138336.9,ENSG00000138336.9:t:68681399-68681488,majiq,NA,NA,0.540610669961385,,0.555,0.008,LSV Type:t|1e1.1o2|1e2.1o3|1e3.1o1|1e4.1o2|1e4.2o2|Exons coords:68667045-68667256;68672895-68673045;68673401-68673487;68680872-68680980;68681399-68681488|IR coords:,,0.4,A5SS_ES,68680967-68681399,0.995812391810866
chr3,+,STXBP5L,ENSG00000145087.12,ENSG00000145087.12:s:121279805-121279956,majiq,NA,NA,0.491705561542237,,0.788,0.309,LSV Type:s|1e1.1o1|1e2.1o1|1e3.1o2|Exons coords:121279805-121279956;121282266-121282337;121294724-nan;121318475-121318540|IR coords:,,0.4,ES,121279956-121282266,0.908797297126039
chr3,+,STXBP5L,ENSG00000145087.12,ENSG00000145087.12:t:121318475-121318540,majiq,NA,NA,-0.497800717523344,,0.217,0.701,LSV Type:t|1e1.1o3|1e2.1o1|Exons coords:121279805-121279956;121282266-121282337;121318475-121318540|IR coords:,,0.4,ES,121279956-121318475,0.91723801026849
chr3,+,STXBP5L,ENSG00000145087.12,ENSG00000145087.12:t:121318475-121318540,majiq,NA,NA,0.497800717523346,,0.783,0.299,LSV Type:t|1e1.1o3|1e2.1o1|Exons coords:121279805-121279956;121282266-121282337;121318475-121318540|IR coords:,,0.4,ES,121282337-121318475,0.91723801026849
chrX,+,KDM6A,ENSG00000147050.15,ENSG00000147050.15:s:45090723-45090864,majiq,NA,NA,0.5382874381819,,0.551,0.012,LSV Type:s|2e1.1o1|1e2.2o6|2e2.2o6|Exons coords:45090723-45090864;45106542-45106713;45106940-45107536|IR coords:,,0.4,A5SS_ES,45090864-45106542,0.998330494184034
chrX,+,KDM6A,ENSG00000147050.15,ENSG00000147050.15:s:45090723-45090864,majiq,NA,NA,-0.539521475470413,,0.448,0.986,LSV Type:s|2e1.1o1|1e2.2o6|2e2.2o6|Exons coords:45090723-45090864;45106542-45106713;45106940-45107536|IR coords:,,0.4,A5SS_ES,45090864-45107410,0.998488282982496
chrX,+,KDM6A,ENSG00000147050.15,ENSG00000147050.15:t:45106940-45107536,majiq,NA,NA,-0.547992533574742,,0.44,0.996,LSV Type:t|3e1.1o2|2e2.1o3|2e2.2o3|2e3.1o2|2e3.2o2|Exons coords:45078400-45078505;45090723-45090864;45106542-45106713;45106940-45107536|IR coords:,,0.4,A5SS_A3SS_ES,45090864-45107410,0.999409862905871
chrX,+,KDM6A,ENSG00000147050.15,ENSG00000147050.15:t:45106940-45107536,majiq,NA,NA,0.527467370740568,,0.54,0.001,LSV Type:t|3e1.1o2|2e2.1o3|2e2.2o3|2e3.1o2|2e3.2o2|Exons coords:45078400-45078505;45090723-45090864;45106542-45106713;45106940-45107536|IR coords:,,0.4,A5SS_A3SS_ES,45106649-45107410,0.99714037754022
chr13,-,KLHL1,ENSG00000150361.12,ENSG00000150361.12:s:70107203-70108493,majiq,NA,NA,0.808572864392496,,0.816,0.02,LSV Type:s|1e1.1o1|1e2.1o3|1e3.1o3|Exons coords:69961308-69961444;69975620-69975802;70106604-70106747;70107203-70108493|IR coords:,,0.4,ES,70106747-70107203,1
chr13,-,KLHL1,ENSG00000150361.12,ENSG00000150361.12:s:70107203-70108493,majiq,NA,NA,-0.704362363699741,,0.175,0.863,LSV Type:s|1e1.1o1|1e2.1o3|1e3.1o3|Exons coords:69961308-69961444;69975620-69975802;70106604-70106747;70107203-70108493|IR coords:,,0.4,ES,69975802-70107203,0.999999999882207
chr13,-,KLHL1,ENSG00000150361.12,ENSG00000150361.12:t:69975620-69975802,majiq,NA,NA,-0.853379109938964,,0.143,0.997,LSV Type:t|1e1.1o3|1e2.1o2|1e3.1o1|Exons coords:69975620-69975802;69994700-nan;70106604-70106747;70107203-70108493|IR coords:,,0.4,ES,69975802-70107203,0.999999999999953
chr13,-,KLHL1,ENSG00000150361.12,ENSG00000150361.12:t:69975620-69975802,majiq,NA,NA,0.839275053457487,,0.842,0.001,LSV Type:t|1e1.1o3|1e2.1o2|1e3.1o1|Exons coords:69975620-69975802;69994700-nan;70106604-70106747;70107203-70108493|IR coords:,,0.4,ES,69975802-70106604,1
chr4,+,WDR17,ENSG00000150627.15,ENSG00000150627.15:s:176065834-176066079,majiq,NA,NA,0.711042949055573,,0.839,0.147,LSV Type:s|1e1.1o1|1e2.1o4|1e3.1o5|Exons coords:176065834-176066079;176068220-176068386;176096463-176096585;176111575-176111703|IR coords:,,0.4,ES,176066079-176096463,0.999817950486461
chr4,+,WDR17,ENSG00000150627.15,ENSG00000150627.15:s:176065834-176066079,majiq,NA,NA,-0.65886113738752,,0.106,0.747,LSV Type:s|1e1.1o1|1e2.1o4|1e3.1o5|Exons coords:176065834-176066079;176068220-176068386;176096463-176096585;176111575-176111703|IR coords:,,0.4,ES,176066079-176111575,0.998458232885445
chr12,+,CACNA1C,ENSG00000151067.22,ENSG00000151067.22:s:2679444-2679796,majiq,NA,NA,0.494834238464984,,0.584,0.103,LSV Type:s|1e1.1o1|1e2.1o2|1e3.1o3|1e4.1o2|Exons coords:2679444-2679796;2680363-2680575;2681950-2682054;2682550-2682678;2685736-2685842|IR coords:,,0.4,ES,2679796-2680363,0.912731059645822
chr12,+,CACNA1C,ENSG00000151067.22,ENSG00000151067.22:t:2682550-2682678,majiq,NA,NA,-0.512042105551273,,0.393,0.893,LSV Type:t|1e1.1o4|1e2.1o2|1e3.1o1|Exons coords:2679444-2679796;2680363-2680575;2681950-2682054;2682550-2682678|IR coords:,,0.4,ES,2679796-2682550,0.94882644517536
chr12,-,GXYLT1,ENSG00000151233.11,ENSG00000151233.11:s:42097442-42097614,majiq,NA,NA,0.532830539885075,,0.545,0.003,LSV Type:s|1e1.1o1|1e2.1o2|1e3.1o1|Exons coords:42026645-42026655;42081845-42087947;42095151-42095214;42097442-42097614|IR coords:,,0.4,ES,42095214-42097442,0.995865939192081
chr12,-,GXYLT1,ENSG00000151233.11,ENSG00000151233.11:s:42097442-42097614,majiq,NA,NA,-0.535089602194227,,0.454,0.994,LSV Type:s|1e1.1o1|1e2.1o2|1e3.1o1|Exons coords:42026645-42026655;42081845-42087947;42095151-42095214;42097442-42097614|IR coords:,,0.4,ES,42087947-42097442,0.996171893124431
chr1,-,ENAH,ENSG00000154380.17,ENSG00000154380.17:t:225567249-225567414,majiq,NA,NA,-0.469270621276757,,0.436,0.892,LSV Type:t|2e1.1o5|2e2.1o1|2e3.1o1|2e4.1o1|2e5.1o1|2e6.1o1|2e7.1o1|2e8.1o1|Exons coords:225567249-225567414;225577853-nan;225580167-225580257;225580943-nan;225595208-225595325;225595580-nan;225600208-225600362;225652318-225652433;225652686-225653142|IR coords:,,0.4,ES,225567414-225652686,0.942739165653457
chr1,-,ENAH,ENSG00000154380.17,ENSG00000154380.17:t:225567249-225567414,majiq,NA,NA,0.473413848908918,,0.524,0.057,LSV Type:t|2e1.1o5|2e2.1o1|2e3.1o1|2e4.1o1|2e5.1o1|2e6.1o1|2e7.1o1|2e8.1o1|Exons coords:225567249-225567414;225577853-nan;225580167-225580257;225580943-nan;225595208-225595325;225595580-nan;225600208-225600362;225652318-225652433;225652686-225653142|IR coords:,,0.4,ES,225567414-225600208,0.961558049821304
chr3,-,CLASP2,ENSG00000163539.17,ENSG00000163539.17:s:33570727-33570790,majiq,NA,NA,0.64575093638441,,0.725,0.097,LSV Type:s|1e1.1o1|1e2.1o1|1e3.2o4|Exons coords:33560808-33560971;33563964-33563966;33566732-33566734;33570727-33570790|IR coords:,,0.4,ES,33563966-33570727,1
chr3,-,CLASP2,ENSG00000163539.17,ENSG00000163539.17:s:33570727-33570790,majiq,NA,NA,-0.692027987874231,,0.207,0.888,LSV Type:s|1e1.1o1|1e2.1o1|1e3.2o4|Exons coords:33560808-33560971;33563964-33563966;33566732-33566734;33570727-33570790|IR coords:,,0.4,ES,33560971-33570727,1
chr3,-,CLASP2,ENSG00000163539.17,ENSG00000163539.17:t:33560808-33560971,majiq,NA,NA,-0.706642737362689,,0.184,0.88,LSV Type:t|2e1.1o4|2e2.1o1|2e3.1o1|Exons coords:33560808-33560971;33563964-33563966;33566732-33566734;33570727-33570790|IR coords:,,0.4,ES,33560971-33570727,1
chr3,-,CLASP2,ENSG00000163539.17,ENSG00000163539.17:t:33560808-33560971,majiq,NA,NA,0.658519227586833,,0.749,0.106,LSV Type:t|2e1.1o4|2e2.1o1|2e3.1o1|Exons coords:33560808-33560971;33563964-33563966;33566732-33566734;33570727-33570790|IR coords:,,0.4,ES,33560971-33563964,1
chr1,-,ZMYM6,ENSG00000163867.17,ENSG00000163867.17:s:35020383-35020467,majiq,NA,NA,0.470179987640439,,0.483,0.001,LSV Type:s|1e1.1o1|1e2.1o3|1e3.1o3|Exons coords:35014988-35015162;35017244-35019602;35020223-35020279;35020383-35020467|IR coords:,,0.4,ES,35020279-35020383,0.939753415980081
chr1,-,ZMYM6,ENSG00000163867.17,ENSG00000163867.17:s:35020383-35020467,majiq,NA,NA,-0.491168032801167,,0.495,0.973,LSV Type:s|1e1.1o1|1e2.1o3|1e3.1o3|Exons coords:35014988-35015162;35017244-35019602;35020223-35020279;35020383-35020467|IR coords:,,0.4,ES,35019602-35020383,0.976743464599362
chr1,-,ZMYM6,ENSG00000163867.17,ENSG00000163867.17:t:35017244-35019602,majiq,NA,NA,-0.50479385417724,,0.482,0.998,LSV Type:t|1e1.1o3|1e2.2o3|1e2.1o3|Exons coords:35017244-35019602;35020223-35020279;35020383-35020467|IR coords:,,0.4,A5SS_ES,35019602-35020383,0.993127925872257
chr1,-,ZMYM6,ENSG00000163867.17,ENSG00000163867.17:t:35017244-35019602,majiq,NA,NA,0.487173810150094,,0.501,0.001,LSV Type:t|1e1.1o3|1e2.2o3|1e2.1o3|Exons coords:35017244-35019602;35020223-35020279;35020383-35020467|IR coords:,,0.4,A5SS_ES,35019602-35020261,0.978719248192351
chr3,-,MELTF,ENSG00000163975.12,ENSG00000163975.12:t:197017103-197017290,majiq,NA,NA,-0.684929589075264,,0.306,0.986,LSV Type:t|1e1.2o3|1e2.3o3|1e2.2o3|Exons coords:197017103-197017290;197018953-197019801;197021294-197021471|IR coords:,,0.4,A5SS_ES,197017290-197021404,0.99993785214938
chr3,-,MELTF,ENSG00000163975.12,ENSG00000163975.12:t:197017103-197017290,majiq,NA,NA,0.644447813913332,,0.656,0.007,LSV Type:t|1e1.2o3|1e2.3o3|1e2.2o3|Exons coords:197017103-197017290;197018953-197019801;197021294-197021471|IR coords:,,0.4,A5SS_ES,197017290-197019625,0.99962925015966
chr5,+,TENT2,ENSG00000164329.13,ENSG00000164329.13:s:79641105-79641196,majiq,NA,NA,0.732501176604509,,0.739,0.002,LSV Type:s|1e1.1o1|1e2.1o4|1e2.3o4|Exons coords:79641105-79641196;79641455-79641517;79642832-79642985|IR coords:,,0.4,A3SS_ES,79641196-79641455,0.999999818865198
chr5,+,TENT2,ENSG00000164329.13,ENSG00000164329.13:t:79642832-79642985,majiq,NA,NA,0.594661649618327,,0.606,0.001,LSV Type:t|1e1.1o3|2e1.1o3|1e2.1o2|2e2.1o2|Exons coords:79641105-79641196;79641455-79641517;79642832-79642985|IR coords:,,0.4,A3SS_ES,79641517-79642832,0.99863936083296
chrX,-,HDX,ENSG00000165259.14,ENSG00000165259.14:s:84502342-84502479,majiq,NA,NA,0.778450433827652,,0.784,0.017,LSV Type:s|1e1.1o1|1e2.1o2|1e3.1o4|1e4.1o5|1e5.1o2|Exons coords:84439973-84440585;84468472-84469576;84475251-84475397;84488024-84488132;84501429-84501511;84502342-84502479|IR coords:,,0.4,ES,84501511-84502342,1
chrX,-,HDX,ENSG00000165259.14,ENSG00000165259.14:t:84475251-84475397,majiq,NA,NA,-0.595689593706534,,0.228,0.807,LSV Type:t|1e1.1o5|1e2.1o4|1e3.2o2|1e4.1o2|Exons coords:84475251-84475397;84488024-84488132;84500025-84500304;84501429-84501511;84502342-84502479|IR coords:,,0.4,ES,84475397-84502342,0.999544644497565
chrX,-,HDX,ENSG00000165259.14,ENSG00000165259.14:t:84475251-84475397,majiq,NA,NA,0.680793693813059,,0.689,0.022,LSV Type:t|1e1.1o5|1e2.1o4|1e3.2o2|1e4.1o2|Exons coords:84475251-84475397;84488024-84488132;84500025-84500304;84501429-84501511;84502342-84502479|IR coords:,,0.4,ES,84475397-84501429,0.999999999309159
chr14,+,GPHN,ENSG00000171723.15,ENSG00000171723.15:s:66985682-66985738,majiq,NA,NA,0.538462668784822,,0.731,0.208,LSV Type:s|1e1.1o1|1e2.1o2|1e3.1o3|1e4.1o3|1e5.1o7|Exons coords:66985682-66985738;66985908-66986000;66987936-66988007;66996177-66996218;67021752-67021814;67023633-67023675|IR coords:,,0.4,ES,66985738-66987936,0.987664527728918
chr4,+,LARP7,ENSG00000174720.16,ENSG00000174720.16:s:112637107-112637239,majiq,NA,NA,0.899626240393196,,0.905,0.034,LSV Type:s|1e1.1o1|1e2.1o3|1e3.1o6|Exons coords:112637107-112637239;112637644-112638020;112638618-112638673;112644668-112644871|IR coords:,,0.4,ES,112637239-112637644,0.999999999999985
chr4,+,LARP7,ENSG00000174720.16,ENSG00000174720.16:s:112637107-112637239,majiq,NA,NA,-0.885298926616295,,0.092,0.951,LSV Type:s|1e1.1o1|1e2.1o3|1e3.1o6|Exons coords:112637107-112637239;112637644-112638020;112638618-112638673;112644668-112644871|IR coords:,,0.4,ES,112637239-112644668,0.999999999999973
chr4,+,LARP7,ENSG00000174720.16,ENSG00000174720.16:t:112644668-112644871,majiq,NA,NA,-0.628239894097756,,0.068,0.682,LSV Type:t|1e1.1o3|1e2.1o2|1e3.1o4|1e4.1o1|1e5.1o2|i|Exons coords:112637107-112637239;112637456-112637603;112637644-112638020;112638618-112638673;112644304-112644488;112644489-112644667;112644668-112644871|IR coords:112644489-112644667,,0.4,ES,112637239-112644668,0.999999999670041
chr19,-,ZFP82,ENSG00000181007.9,ENSG00000181007.9:s:36405580-36405675,majiq,NA,NA,0.568193603539253,,0.582,0.018,LSV Type:s|1e1.1o1|1e2.1o4|1e3.2o2|1e3.1o2|Exons coords:36383120-36384455;36388630-36396067;36400285-36400403;36405580-36405675|IR coords:,,0.4,A3SS_ES,36400403-36405580,0.999922525171074
chr19,-,ZFP82,ENSG00000181007.9,ENSG00000181007.9:s:36405580-36405675,majiq,NA,NA,-0.472546044640078,,0.35,0.81,LSV Type:s|1e1.1o1|1e2.1o4|1e3.2o2|1e3.1o2|Exons coords:36383120-36384455;36388630-36396067;36400285-36400403;36405580-36405675|IR coords:,,0.4,A3SS_ES,36394110-36405580,0.940678749124344
chr19,-,ZFP82,ENSG00000181007.9,ENSG00000181007.9:t:36388630-36396067,majiq,NA,NA,-0.582742252286856,,0.399,0.964,LSV Type:t|1e1.1o4|1e2.1o4|1e3.1o1|Exons coords:36388630-36396067;36400285-36400403;36405580-36405675;36407887-36408013|IR coords:,,0.4,ES,36394110-36405580,0.999988192139349
chr19,-,ZFP82,ENSG00000181007.9,ENSG00000181007.9:t:36388630-36396067,majiq,NA,NA,0.580083832171931,,0.595,0.029,LSV Type:t|1e1.1o4|1e2.1o4|1e3.1o1|Exons coords:36388630-36396067;36400285-36400403;36405580-36405675;36407887-36408013|IR coords:,,0.4,ES,36394110-36400285,0.999995475693398
chr2,-,CACNB4,ENSG00000182389.19,ENSG00000182389.19:s:151872417-151874135,majiq,NA,NA,-0.471589976922399,,0.516,0.988,LSV Type:s|1e1.1o1|1e2.4o6|1e2.1o6|1e3.1o2|1e4.2o7|1e5.1o3|Exons coords:151854852-151855375;151856648-151861729;151870238-151870611;151870842-151870902;151871910-151872125;151872417-151874135|IR coords:,,0.4,A3SS_ES,151870861-151872417,0.929645737869619
chr6,-,WDR27,ENSG00000184465.16,ENSG00000184465.16:s:169662304-169662424,majiq,NA,NA,0.79047656484982,,0.796,0.013,LSV Type:s|1e1.1o1|1e2.1o2|Exons coords:169660706-169660766;169661703-169661750;169662304-169662424|IR coords:,,0.4,ES,169661750-169662304,0.999999999953374
chr6,-,WDR27,ENSG00000184465.16,ENSG00000184465.16:s:169662304-169662424,majiq,NA,NA,-0.790476564849819,,0.204,0.987,LSV Type:s|1e1.1o1|1e2.1o2|Exons coords:169660706-169660766;169661703-169661750;169662304-169662424|IR coords:,,0.4,ES,169660766-169662304,0.999999999953374
chr6,-,WDR27,ENSG00000184465.16,ENSG00000184465.16:t:169660706-169660766,majiq,NA,NA,-0.844020480815426,,0.154,0.997,LSV Type:t|1e1.1o3|1e2.1o1|Exons coords:169660706-169660766;169661703-169661750;169662304-169662424|IR coords:,,0.4,ES,169660766-169662304,0.999999999999953
chr6,-,WDR27,ENSG00000184465.16,ENSG00000184465.16:t:169660706-169660766,majiq,NA,NA,0.844020480815427,,0.846,0.003,LSV Type:t|1e1.1o3|1e2.1o1|Exons coords:169660706-169660766;169661703-169661750;169662304-169662424|IR coords:,,0.4,ES,169660766-169661703,0.999999999999953
chr5,-,ARL15,ENSG00000185305.11,ENSG00000185305.11:s:54310432-54310582,majiq,NA,NA,0.787627741010665,,0.838,0.065,LSV Type:s|1e1.1o2|1e2.1o2|1e3.1o5|1e4.1o3|1e5.1o6|Exons coords:54113133-54113410;54154391-54154639;54171784-54171928;54285341-54285358;54307888-54307946;54310432-54310582|IR coords:,,0.4,ES,54307946-54310432,1
chr5,-,ARL15,ENSG00000185305.11,ENSG00000185305.11:s:54310432-54310582,majiq,NA,NA,-0.623589945853311,,0.121,0.73,LSV Type:s|1e1.1o2|1e2.1o2|1e3.1o5|1e4.1o3|1e5.1o6|Exons coords:54113133-54113410;54154391-54154639;54171784-54171928;54285341-54285358;54307888-54307946;54310432-54310582|IR coords:,,0.4,ES,54171928-54310432,0.999999928913753
chr5,-,ARL15,ENSG00000185305.11,ENSG00000185305.11:t:54171784-54171928,majiq,NA,NA,-0.640042720122392,,0.117,0.743,LSV Type:t|1e1.1o5|1e2.1o2|1e3.1o5|1e4.1o1|1e5.1o1|Exons coords:54171784-54171928;54282271-nan;54285341-54285358;54307888-54307946;54310295-54310415;54310432-54310582|IR coords:,,0.4,ES,54171928-54310432,0.999999978935927
chr5,-,ARL15,ENSG00000185305.11,ENSG00000185305.11:t:54171784-54171928,majiq,NA,NA,0.69302159948577,,0.701,0.014,LSV Type:t|1e1.1o5|1e2.1o2|1e3.1o5|1e4.1o1|1e5.1o1|Exons coords:54171784-54171928;54282271-nan;54285341-54285358;54307888-54307946;54310295-54310415;54310432-54310582|IR coords:,,0.4,ES,54171928-54307888,1
chr16,-,AC009022.1,ENSG00000196696.13,ENSG00000196696.13:t:70030988-70031066,majiq,NA,NA,-0.772164038330994,,0.224,0.996,LSV Type:t|1e1.1o2|1e2.1o1|Exons coords:70030988-70031066;70031186-70031248;70031900-70031968|IR coords:,,0.4,ES,70031066-70031900,0.999994055456452
chr16,-,AC009022.1,ENSG00000196696.13,ENSG00000196696.13:t:70030988-70031066,majiq,NA,NA,0.772164038330996,,0.776,0.004,LSV Type:t|1e1.1o2|1e2.1o1|Exons coords:70030988-70031066;70031186-70031248;70031900-70031968|IR coords:,,0.4,ES,70031066-70031186,0.999994055456452
chr14,-,STRN3,ENSG00000196792.12,ENSG00000196792.12:s:30935163-30935304,majiq,NA,NA,0.615698780133142,,0.969,0.375,LSV Type:s|1e1.1o2|1e2.1o2|1e3.1o3|1e4.1o5|Exons coords:30912007-30912311;30913524-30913657;30918966-30919106;30929201-30929311;30935163-30935304|IR coords:,,0.4,ES,30929311-30935163,0.999999999356878
chr14,-,STRN3,ENSG00000196792.12,ENSG00000196792.12:s:30935163-30935304,majiq,NA,NA,-0.59428938981795,,0.03,0.602,LSV Type:s|1e1.1o2|1e2.1o2|1e3.1o3|1e4.1o5|Exons coords:30912007-30912311;30913524-30913657;30918966-30919106;30929201-30929311;30935163-30935304|IR coords:,,0.4,ES,30913657-30935163,0.999999971055871
chr14,-,STRN3,ENSG00000196792.12,ENSG00000196792.12:t:30913524-30913657,majiq,NA,NA,-0.648806421727176,,0.034,0.658,LSV Type:t|1e1.1o4|1e2.1o3|1e3.1o1|Exons coords:30913524-30913657;30918966-30919106;30929201-30929311;30935163-30935304|IR coords:,,0.4,ES,30913657-30935163,0.999999999971091
chr14,-,STRN3,ENSG00000196792.12,ENSG00000196792.12:t:30913524-30913657,majiq,NA,NA,0.521364468166888,,0.762,0.254,LSV Type:t|1e1.1o4|1e2.1o3|1e3.1o1|Exons coords:30913524-30913657;30918966-30919106;30929201-30929311;30935163-30935304|IR coords:,,0.4,ES,30913657-30929201,0.996191978018321
chr7,+,ABCB8,ENSG00000197150.12,ENSG00000197150.12:s:151028422-151028610,majiq,NA,NA,0.79636870914457,,0.801,0.014,LSV Type:s|1e1.3o4|1e1.4o4|1e2.1o4|1e3.1o3|1e4.1o1|1e5.1o6|1e6.1o4|i|Exons coords:151028422-151028610;151028611-151028656;151028657-151029443;151031241-151031626;151032844-151033242;151033443-151033604;151033605-151033917;151034273-151034428|IR coords:151028611-151028656,,0.4,A3SS_ES,151028610-151031241,1
chr7,+,ABCB8,ENSG00000197150.12,ENSG00000197150.12:s:151028422-151028610,majiq,NA,NA,-0.746097394517342,,0.156,0.882,LSV Type:s|1e1.3o4|1e1.4o4|1e2.1o4|1e3.1o3|1e4.1o1|1e5.1o6|1e6.1o4|i|Exons coords:151028422-151028610;151028611-151028656;151028657-151029443;151031241-151031626;151032844-151033242;151033443-151033604;151033605-151033917;151034273-151034428|IR coords:151028611-151028656,,0.4,A3SS_ES,151028610-151033605,1
chr7,+,ABCB8,ENSG00000197150.12,ENSG00000197150.12:t:151033605-151033917,majiq,NA,NA,-0.81271280341445,,0.136,0.932,LSV Type:t|1e1.1o8|1e2.1o6|1e2.2o6|1e2.4o6|1e3.1o3|1e4.3o6|Exons coords:151028422-151028610;151028657-151029443;151031241-151031626;151032844-151033242;151033605-151033917|IR coords:,,0.4,A5SS_ES,151028610-151033605,0.999999999999995
chr7,+,ABCB8,ENSG00000197150.12,ENSG00000197150.12:t:151033605-151033917,majiq,NA,NA,0.784915404837983,,0.793,0.012,LSV Type:t|1e1.1o8|1e2.1o6|1e2.2o6|1e2.4o6|1e3.1o3|1e4.3o6|Exons coords:151028422-151028610;151028657-151029443;151031241-151031626;151032844-151033242;151033605-151033917|IR coords:,,0.4,A5SS_ES,151031291-151033605,1
chr4,+,HTT,ENSG00000197386.12,ENSG00000197386.12:s:3212564-3213055,majiq,NA,NA,-0.614096990065583,,0.375,0.987,LSV Type:s|1e1.1o2|1e1.2o2|1e2.1o4|1e2.3o4|1e2.4o4|Exons coords:3212564-3213055;3213490-3213736;3213958-3214156|IR coords:,,0.4,A3SS_ES,3212709-3213958,0.999326943628242
chr4,+,HTT,ENSG00000197386.12,ENSG00000197386.12:t:3213958-3214156,majiq,NA,NA,-0.553563780280307,,0.436,0.987,LSV Type:t|1e1.1o6|2e1.1o6|3e1.1o6|1e2.1o1|Exons coords:3212564-3213055;3213490-3213736;3213958-3214156|IR coords:,,0.4,A3SS_ES,3212709-3213958,0.983724114757837
chr4,+,HTT,ENSG00000197386.12,ENSG00000197386.12:t:3213958-3214156,majiq,NA,NA,0.543796311143972,,0.555,0.001,LSV Type:t|1e1.1o6|2e1.1o6|3e1.1o6|1e2.1o1|Exons coords:3212564-3213055;3213490-3213736;3213958-3214156|IR coords:,,0.4,A3SS_ES,3213736-3213958,0.977405696464993
chr17,+,LINC02210,ENSG00000204650.14,ENSG00000204650.14:s:45629904-45630456,majiq,NA,NA,-0.589101669763992,,0.341,0.912,LSV Type:s|1e2.1o2|1e2.2o2|1e3.1o2|2e3.1o2|1e4.1o6|2e4.1o6|4e4.1o6|1e5.2o4|1e6.2o14|2e6.2o14|3e6.2o14|4e6.2o14|1e6.14o14|Exons coords:45629904-45630456;45630485-45630606;45635301-45635398;45636283-45636505;45638975-45639520;45645671-45655156|IR coords:,,0.4,A5SS_A3SS_ES,45630158-45636283,0.999978233349218
chr17,+,LINC02210,ENSG00000204650.14,ENSG00000204650.14:t:45636283-45636505,majiq,NA,NA,-0.637611904321304,,0.352,0.978,LSV Type:t|1e1.1o15|1e1.9o15|1e1.13o15|1e2.2o3|1e3.1o1|1e4.1o1|Exons coords:45629904-45630456;45630485-45630606;45633049-45633174;45635301-45635398;45636283-45636505|IR coords:,,0.4,A5SS_ES,45630158-45636283,0.999999999254257
chr17,+,LINC02210,ENSG00000204650.14,ENSG00000204650.14:t:45645671-45655156,majiq,NA,NA,0.578696331415854,,0.588,0.001,LSV Type:t|2e1.1o15|3e1.1o15|2e1.9o15|2e1.12o15|2e1.13o15|2e2.2o3|2e3.5o6|2e4.1o5|2e4.2o5|2e4.4o5|2e5.1o2|2e6.1o4|2e6.2o4|Exons coords:45629904-45630456;45630485-45630606;45636283-45636505;45637201-45637959;45638975-45639520;45640362-45642303;45645671-45655156|IR coords:,,0.4,A5SS_A3SS_ES,45630318-45645901,0.999861831308422
chr8,-,PDE7A,ENSG00000205268.11,ENSG00000205268.11:s:65782783-65782843,majiq,NA,NA,0.795282178397983,,0.798,0.016,LSV Type:s|1e1.1o1|1e2.1o2|Exons coords:65779720-65779803;65780844-65780947;65782783-65782843|IR coords:,,0.4,ES,65780947-65782783,1
chr8,-,PDE7A,ENSG00000205268.11,ENSG00000205268.11:s:65782783-65782843,majiq,NA,NA,-0.795282178397981,,0.202,0.984,LSV Type:s|1e1.1o1|1e2.1o2|Exons coords:65779720-65779803;65780844-65780947;65782783-65782843|IR coords:,,0.4,ES,65779803-65782783,1
chr8,-,PDE7A,ENSG00000205268.11,ENSG00000205268.11:t:65779720-65779803,majiq,NA,NA,-0.871183232243075,,0.123,0.993,LSV Type:t|1e1.1o2|1e2.1o1|Exons coords:65779720-65779803;65780844-65780947;65782783-65782843|IR coords:,,0.4,ES,65779803-65782783,0.999999999999953
chr8,-,PDE7A,ENSG00000205268.11,ENSG00000205268.11:t:65779720-65779803,majiq,NA,NA,0.871183232243076,,0.877,0.007,LSV Type:t|1e1.1o2|1e2.1o1|Exons coords:65779720-65779803;65780844-65780947;65782783-65782843|IR coords:,,0.4,ES,65779803-65780844,0.999999999999953
chr5,-,DHFR,ENSG00000228716.7,ENSG00000228716.7:s:80633877-80633992,majiq,NA,NA,0.571090454561063,,0.584,0.008,LSV Type:s|1e1.1o1|1e2.1o3|Exons coords:80629039-80629165;80632232-80632302;80633877-80633992|IR coords:,,0.4,ES,80632302-80633877,0.999975961363378
chr5,-,DHFR,ENSG00000228716.7,ENSG00000228716.7:s:80633877-80633992,majiq,NA,NA,-0.571090454561061,,0.416,0.992,LSV Type:s|1e1.1o1|1e2.1o3|Exons coords:80629039-80629165;80632232-80632302;80633877-80633992|IR coords:,,0.4,ES,80629165-80633877,0.999975961363378
chr5,-,DHFR,ENSG00000228716.7,ENSG00000228716.7:t:80629039-80629165,majiq,NA,NA,-0.523995174154198,,0.46,0.977,LSV Type:t|1e1.1o2|1e2.1o2|1e3.1o1|Exons coords:80629039-80629165;80632232-80632302;80633877-80633992;80637883-80638009|IR coords:,,0.4,ES,80629165-80633877,0.996766419212378
chr5,-,DHFR,ENSG00000228716.7,ENSG00000228716.7:t:80629039-80629165,majiq,NA,NA,0.522538543822408,,0.537,0.016,LSV Type:t|1e1.1o2|1e2.1o2|1e3.1o1|Exons coords:80629039-80629165;80632232-80632302;80633877-80633992;80637883-80638009|IR coords:,,0.4,ES,80629165-80632232,0.996355861379677
chr4,+,PHOX2B-AS1,ENSG00000250467.1,ENSG00000250467.1:s:41748293-41748586,majiq,NA,NA,0.650628407469305,,0.854,0.218,LSV Type:s|1e1.1o1|1e2.1o3|Exons coords:41748293-41748586;41749200-41749342;41794205-41794339|IR coords:,,0.4,ES,41748586-41749200,0.998878779117753
chr4,+,PHOX2B-AS1,ENSG00000250467.1,ENSG00000250467.1:s:41748293-41748586,majiq,NA,NA,-0.650628407469303,,0.146,0.782,LSV Type:s|1e1.1o1|1e2.1o3|Exons coords:41748293-41748586;41749200-41749342;41794205-41794339|IR coords:,,0.4,ES,41748586-41794205,0.998878779117753
chr4,+,PHOX2B-AS1,ENSG00000250467.1,ENSG00000250467.1:t:41794205-41794339,majiq,NA,NA,-0.569494478762588,,0.089,0.644,LSV Type:t|1e1.1o2|1e2.1o1|1e3.1o1|Exons coords:nan-41750397;41748293-41748586;41749200-41749342;41794205-41794339|IR coords:,,0.4,ES,41748586-41794205,0.989586440688425
chr4,+,PHOX2B-AS1,ENSG00000250467.1,ENSG00000250467.1:t:41794205-41794339,majiq,NA,NA,0.636425129714273,,0.899,0.28,LSV Type:t|1e1.1o2|1e2.1o1|1e3.1o1|Exons coords:nan-41750397;41748293-41748586;41749200-41749342;41794205-41794339|IR coords:,,0.4,ES,41749342-41794205,0.999426296363879
chr5,+,AC136604.3,ENSG00000250999.2,ENSG00000250999.2:s:179658225-179658717,majiq,NA,NA,0.625002484496663,,0.744,0.133,LSV Type:s|1e1.1o2|1e1.2o2|1e2.1o4|2e2.1o4|1e3.1o2|Exons coords:179658225-179658717;179662661-179663103;179664323-179665136;179674015-179674025|IR coords:,,0.4,A5SS_A3SS_ES,179658481-179664323,0.998644063942057
chr16,-,PDXDC2P,ENSG00000255185.6,ENSG00000255185.6:t:70030988-70031066,majiq,NA,NA,-0.769096450380299,,0.224,0.996,LSV Type:t|1e1.1o2|1e2.1o1|Exons coords:70030988-70031066;70031186-70031248;70031900-70031968|IR coords:,,0.4,ES,70031066-70031900,0.999991423893198
chr16,-,PDXDC2P,ENSG00000255185.6,ENSG00000255185.6:t:70030988-70031066,majiq,NA,NA,0.769096450380301,,0.776,0.004,LSV Type:t|1e1.1o2|1e2.1o1|Exons coords:70030988-70031066;70031186-70031248;70031900-70031968|IR coords:,,0.4,ES,70031066-70031186,0.999991423893198
chr1,-,AC114490.2,ENSG00000271741.1,ENSG00000271741.1:s:35020383-35020467,majiq,NA,NA,0.477286818836295,,0.492,0.002,LSV Type:s|1e1.1o1|1e2.1o3|Exons coords:35019353-35019602;35020223-35020279;35020383-35020467|IR coords:,,0.4,ES,35020279-35020383,0.954851016010229
chr1,-,AC114490.2,ENSG00000271741.1,ENSG00000271741.1:s:35020383-35020467,majiq,NA,NA,-0.477286818836293,,0.508,0.998,LSV Type:s|1e1.1o1|1e2.1o3|Exons coords:35019353-35019602;35020223-35020279;35020383-35020467|IR coords:,,0.4,ES,35019602-35020383,0.954851016010229
chr1,-,AC114490.2,ENSG00000271741.1,ENSG00000271741.1:t:35019353-35019602,majiq,NA,NA,-0.505490326930523,,0.481,0.998,LSV Type:t|1e1.1o2|1e2.2o3|1e2.1o3|Exons coords:35019353-35019602;35020223-35020279;35020383-35020467|IR coords:,,0.4,A5SS_ES,35019602-35020383,0.988852753489423
chr1,-,AC114490.2,ENSG00000271741.1,ENSG00000271741.1:t:35019353-35019602,majiq,NA,NA,0.488612665905699,,0.503,0.001,LSV Type:t|1e1.1o2|1e2.2o3|1e2.1o3|Exons coords:35019353-35019602;35020223-35020279;35020383-35020467|IR coords:,,0.4,A5SS_ES,35019602-35020261,0.97389880353635
